4 0.41799468597396144 0.47228662424485585 0.08161906693680017 0.015870374126599956
4 0.4156526556966672 0.43326121365618064 0.07315486740261341 0.014963495605080012
4 0.4162572413776817 0.2385090511597604 0.0767823814886934 0.024485720081040205
4 0.417768705580214 0.2038209477116203 0.0580402253772801 0.03854233716460005
2 0.5129071003031145 0.263616557237092 0.1257345592180218 0.2372257503996272
4 0.6203232355170375 0.3698364183248847 0.026522133585051507 0.06483188209679255
4 0.6463542184801437 0.39709527784285426 0.04322125473119492 0.14292483098611086
3 0.5383010816521562 0.47076787113466395 0.09430091941351634 0.013261066792525611
3 0.5383010816521561 0.43356321152230004 0.09037171443795323 0.015471244591279998
1 0.6046064156147848 0.4169868780316429 0.04223895348730416 0.03830974851174112
1 0.6095179218342389 0.46229552290610587 0.04420355597508582 0.034626118847150666
0 0.5436081242532854 0.49462365591397855 0.3894862604540025 0.835125448028674
