4 0.41897278375458025 0.4300139488794067 0.06506400877129949 0.012421310765429894
4 0.41995860206929686 0.4666863901868665 0.07649950122201275 0.01537876570957991
4 0.41778980177692016 0.2562634709105956 0.07058459133371286 0.019814948125804824
4 0.4252820209687668 0.22654104872188824 0.05402284364647294 0.02839156746383974
4 0.6027209218622271 0.3736082580013526 0.022489586636650075 0.057348445923458155
4 0.6249293886659193 0.39595728472152375 0.0387945369482216 0.12228712733678584
1 0.5909138888779858 0.45899840726238417 0.047228131936965664 0.02656582421454317
1 0.5906327690450277 0.41598707281979047 0.0387945369482216 0.03331270020553823
3 0.5296297652931138 0.43264342292255953 0.08770938788293599 0.01265039248311581
3 0.5248507281328255 0.4651127636292233 0.08489818955335472 0.012650392483115738
2 0.5087103129089912 0.2770204674256882 0.1063310885068298 0.21490072624538237
0 0.5304659498207885 0.4811827956989248 0.3393070489844684 0.7508960573476703
