4 0.3941080886907702 0.26149816023965144 0.07991853885975864 0.034082906278426854
4 0.39724214903821287 0.5958632235573192 0.07991853885975886 0.018804362084649213
4 0.3988091792119335 0.5512028636062775 0.07991853885975886 0.018804362084649213
4 0.3972421490382127 0.4959650499826205 0.07991853885975886 0.018804362084649213
4 0.3988091792119335 0.44542832688012596 0.07991853885975886 0.018804362084649213
2 0.48969692928773767 0.2850036128454634 0.12066132337649854 0.23622979868840463
3 0.5004235104704088 0.6009071639401526 0.09549191435341037 0.021038062380985708
3 0.5007219227027633 0.5505500997303464 0.090120494171031 0.012533313758885072
3 0.5174330077146101 0.5004168446948059 0.090120494171031 0.014323787153011622
3 0.5141642763466442 0.4500802494485352 0.09012049417103107 0.01656187889566958
1 0.5744435472822345 0.5904086017131952 0.04595548378257888 0.03312375779133937
1 0.5711610127263359 0.5474372402541605 0.050133255035540426 0.03312375779133923
1 0.5839927387175754 0.5004373136583413 0.03998723913549064 0.03580946788252888
1 0.5786213185351962 0.4534373870625222 0.03401899448840247 0.03580946788252888
4 0.6090593662353457 0.39435176505634945 0.050730079500249235 0.09937127337401769
4 0.6257704512471924 0.41315173569467717 0.05431102628850233 0.15935213207725363
4 0.6281577491060273 0.4306088512874092 0.055504675217919734 0.22112346417461726
4 0.6370214895867565 0.45071441680379964 0.06728698948515514 0.2852968354170587
0 0.5161290322580644 0.5170250896057347 0.3870967741935483 0.8369175627240142
