4 0.4190138495169508 0.4303780903507649 0.07328878050165805 0.017441320359769606
4 0.4232420483920464 0.465789255929691 0.07469818012668988 0.016384270640995596
4 0.42070578807201786 0.2571273440917546 0.07046998125159426 0.016384270640995666
4 0.42281988750956556 0.22673716467700458 0.06624178237649865 0.026426242969347875
4 0.5982901408260354 0.3744598628756591 0.01691279550038267 0.05655215995440443
4 0.6268304832329309 0.4000933185559265 0.03734909006334498 0.13318826456551322
3 0.528877209293215 0.46457335140113515 0.08667807693946095 0.013741646344060925
3 0.5313436586370208 0.4318048101191438 0.08315457787688117 0.014798696062834793
1 0.5919478425133918 0.4579667906587983 0.03241619137573338 0.02801181754750864
1 0.5877196436382962 0.41885595106416346 0.036644390250829065 0.035411165578926075
2 0.5084926637616938 0.27954270165138145 0.12585183391112806 0.21863545636091394
0 0.5292712066905616 0.4856630824372757 0.33691756272401435 0.7526881720430102
