4 0.400120500100229 0.416639562963565 0.07993016577859975 0.016706714978313927
4 0.403396326566565 0.4534926107098457 0.08779214929780636 0.02653419437732204
4 0.3957198371333955 0.21079943310872515 0.07599917401899653 0.021620454677817983
4 0.4042369859458692 0.17394638536244453 0.06682685991325549 0.03930991759603266
2 0.5050353578025887 0.23544879966223817 0.1293283412201118 0.23942113801824497
3 0.5263172367375438 0.40979650016783203 0.09986112423325096 0.020872612032359825
3 0.5263172367375438 0.44847222246308704 0.09658698901248847 0.022100412740145785
4 0.6130818200877454 0.34840646477853837 0.031104284597242113 0.09945185733065565
4 0.6589197131784179 0.36129837221029004 0.0867645833502015 0.15224728776544807
1 0.6098076848669831 0.41532160335286844 0.05729736636334074 0.036834021233576236
1 0.613900353892936 0.4454027206936223 0.0753051100775334 0.0331506191102185
0 0.5304659498207885 0.47401433691756284 0.4014336917562724 0.8620071684587814
