2 0.4154958584101584 0.317364351673211 0.08390011601768059 0.1538168793657478
1 0.47562956323498695 0.4285507039411162 0.027001586479811122 0.024170774994024456
1 0.47911363890980124 0.4587641726836469 0.02961464323592189 0.021231086143399837
1 0.469532430804062 0.49126406608777434 0.0304856621546255 0.018944661481802995
1 0.47405204650442634 0.5191817142297558 0.029179133776570155 0.0238441428995106
3 0.4248516014897817 0.5287652785701098 0.06460256664680948 0.011103566142420362
3 0.4232814002171162 0.4944451650389922 0.06056490623138387 0.013122396350133202
3 0.4335998657232038 0.4618074100143021 0.06056490623138394 0.013122396350133202
3 0.4318053499830147 0.42765553233382725 0.05966764836128924 0.0107670944411349
4 0.3508278272069792 0.5269146842130398 0.05293821433558001 0.012785924648847669
4 0.35150077060955015 0.4961275235454196 0.0515923275304381 0.012449452947562207
4 0.34993056933688466 0.45978857980658927 0.05652724581595827 0.01581416996041696
4 0.3510332258803098 0.4255465519275438 0.05283282412485825 0.016536257944591383
4 0.3481024147028438 0.2972426685062993 0.05211456725006237 0.019853168476214263
4 0.49535356541321546 0.3916643777171915 0.03618401171442365 0.06973437700659496
4 0.5063461765669645 0.40334402706804967 0.03710006264390273 0.1061474014533885
4 0.5100103802848808 0.4157107146160173 0.040764266361819 0.14599561688572849
4 0.511639857250944 0.4295584445188204 0.04851051063167766 0.19136451434249474
