4 0.3619621370206012 0.48165819992805753 0.07394591297073233 0.014447415769491911
4 0.36289422836056845 0.4450736148343444 0.0733245187440874 0.00932091339967215
4 0.36289422836056845 0.265413009055664 0.06835336493092903 0.01724368978939342
4 0.3687974735136941 0.235819109011705 0.05281850926480871 0.029826922878950838
2 0.4534730238717767 0.2929720005020585 0.1101151925937748 0.2125701978766783
4 0.5446448858624282 0.39522648916320235 0.016119423541299086 0.07486232279276372
4 0.5703739657456555 0.4112684154759374 0.030378913597063573 0.12461554353081163
1 0.5347252406062442 0.4724137288128841 0.04091853668175901 0.026504052168866678
1 0.539995052148592 0.4382374510161876 0.04277847016729353 0.026969035540250274
3 0.4727274577550941 0.446607151701093 0.08927680730565613 0.012089567655974277
3 0.47086752426955963 0.4786910043265631 0.08307702902054104 0.016739401369810666
0 0.4778972520908005 0.49641577060931896 0.33452807646356036 0.7491039426523297
