4 0.48705078125 0.8384117647058824 0.02091796875 0.21473529411764708
4 0.425263671875 0.8351764705882352 0.026640625 0.2117058823529412
4 0.554228515625 0.8312647058823529 0.01521484375 0.19658823529411765
4 0.609208984375 0.8322058823529411 0.019326171875 0.21758823529411767
3 0.43080078125 0.5024705882352941 0.017431640625 0.1784705882352941
3 0.491005859375 0.5225294117647059 0.016162109375 0.14794117647058821
3 0.552802734375 0.5401764705882353 0.021865234375 0.18323529411764705
3 0.61189453125 0.5497058823529412 0.02091796875 0.19470588235294117
2 0.59748046875 0.35405882352941176 0.038974609375 0.11070588235294118
2 0.54677734375 0.3683823529411765 0.0364453125 0.11452941176470588
2 0.487841796875 0.3197058823529412 0.0364453125 0.10879411764705883
2 0.433173828125 0.33738235294117647 0.041826171875 0.11164705882352942
4 0.19234375 0.8476176470588235 0.0373046875 0.21294117647058824
4 0.3628125 0.24985294117647058 0.117607421875 0.1486470588235294
4 0.383291015625 0.20794117647058824 0.204765625 0.13441176470588237
4 0.4069140625 0.18817647058823528 0.261474609375 0.13914705882352943
4 0.430537109375 0.17079411764705882 0.3391796875 0.17394117647058824
0 0.22787109375 0.5763823529411765 0.288779296875 0.33997058823529414
1 0.50439453125 0.5029705882352941 0.985166015625 0.9805588235294117