4 0.378486328125 0.22847058823529415 0.16212890625 0.1078529411764706
0 0.22755859375 0.5817058823529412 0.28154296875 0.3337941176470588
2 0.40974609375 0.3292058823529412 0.037587890625 0.11158823529411764
3 0.43146484375 0.5003235294117647 0.0169140625 0.1781764705882353
2 0.464384765625 0.3200882352941176 0.029375 0.13005882352941175
4 0.43119140625 0.8361470588235295 0.015595703125 0.2126470588235294
4 0.157451171875 0.8284411764705882 0.037119140625 0.17170588235294118
4 0.196455078125 0.842735294117647 0.02228515625 0.2038529411764706
4 0.352529296875 0.3055 0.0712109375 0.046588235294117646
3 0.47630859375 0.5135588235294118 0.017001953125 0.1782058823529412
4 0.475771484375 0.8297352941176471 0.01908203125 0.2332941176470588
4 0.504326171875 0.505264705882353 0.97376953125 0.9432647058823529