2 0.126435546875 0.17058823529411765 0.058232421875 0.11461764705882353
4 0.215390625 0.7411176470588235 0.18294921875 0.5034705882352941
4 0.939306640625 0.7965882352941176 0.018701171875 0.19891176470588234
3 0.70462890625 0.6935882352941176 0.027470703125 0.19364705882352942
3 0.603505859375 0.6909705882352941 0.07189453125 0.0651470588235294
3 0.57427734375 0.7965882352941176 0.05669921875 0.08979411764705883
3 0.95099609375 0.3635294117647059 0.02337890625 0.213
2 0.636171875 0.4990588235294118 0.025927734375 0.1206764705882353
2 0.647255859375 0.37411764705882355 0.026396484375 0.10364705882352941
2 0.64560546875 0.24279411764705883 0.032529296875 0.13061764705882353
4 0.5869140625 0.28820588235294115 0.047138671875 0.08235294117647059
2 0.67318359375 0.13061764705882353 0.039599609375 0.11926470588235294
2 0.7111328125 0.13844117647058823 0.03158203125 0.115
2 0.7533203125 0.09229411764705882 0.03771484375 0.11358823529411764
2 0.7875 0.10435294117647058 0.03724609375 0.10364705882352941
2 0.74177734375 0.19308823529411767 0.03818359375 0.07667647058823529
0 0.69439453125 0.4969411764705883 0.10654296875 0.12208823529411764
4 0.86240234375 0.5662647058823529 0.2751953125 0.6397058823529411
4 0.78388671875 0.5650294117647059 0.276865234375 0.7218235294117646
4 0.589169921875 0.5067058823529412 0.3678125 0.9559411764705882
4 0.475771484375 0.5564117647058824 0.386201171875 0.8871764705882352
1 0.5037109375 0.5076470588235293 0.984619140625 0.984735294117647