4 0.431611328125 0.18985294117647059 0.33154296875 0.17376470588235293
0 0.22849609375 0.5906764705882354 0.27169921875 0.33241176470588235
2 0.544755859375 0.3750588235294118 0.0320703125 0.11294117647058823
4 0.361162109375 0.2636764705882353 0.112998046875 0.14420588235294118
2 0.4343359375 0.34561764705882353 0.0390234375 0.11011764705882353
2 0.487314453125 0.3274705882352941 0.036201171875 0.10529411764705882
3 0.430810546875 0.5121176470588236 0.01609375 0.17135294117647057
3 0.5518359375 0.5478823529411765 0.01740234375 0.18973529411764709
2 0.595791015625 0.3585 0.03615234375 0.10858823529411765
3 0.491142578125 0.5320882352941176 0.016083984375 0.14597058823529413
4 0.38228515625 0.21332352941176472 0.200068359375 0.12623529411764706
4 0.606318359375 0.8347941176470588 0.018896484375 0.21985294117647058
3 0.610185546875 0.5544117647058824 0.018974609375 0.1927941176470588
4 0.552685546875 0.8369117647058824 0.012392578125 0.2048529411764706
4 0.19345703125 0.8540588235294118 0.030107421875 0.21467647058823527
4 0.485009765625 0.8455 0.017353515625 0.21591176470588233
4 0.42365234375 0.8409411764705883 0.024306640625 0.21382352941176472
4 0.5029296875 0.20694117647058824 0.076728515625 0.14076470588235293
1 0.5029296875 0.5178529411764705 0.970986328125 0.9558823529411765