0 0.223955078125 0.5847058823529412 0.280966796875 0.3320588235294118
2 0.40923828125 0.33649999999999997 0.03865234375 0.11338235294117646
4 0.37943359375 0.2365588235294118 0.161611328125 0.10405882352941177
4 0.191806640625 0.8475882352941176 0.024921875 0.20744117647058824
3 0.429189453125 0.5070294117647058 0.01970703125 0.19858823529411765
4 0.4296875 0.8453235294117648 0.01775390625 0.21114705882352944
4 0.35583984375 0.31 0.071943359375 0.038
4 0.4737890625 0.8387352941176471 0.0210546875 0.2197058823529412
2 0.46357421875 0.3261470588235294 0.032197265625 0.12311764705882353
4 0.154052734375 0.8370588235294119 0.04248046875 0.18547058823529414
3 0.47345703125 0.5054705882352941 0.01896484375 0.19161764705882356
1 0.499091796875 0.5199705882352941 0.963310546875 0.9474705882352941