2 0.4094921875 0.32505882352941173 0.041787109375 0.11229411764705882
2 0.465185546875 0.3129705882352941 0.036376953125 0.13126470588235295
3 0.430791015625 0.4979411764705883 0.020166015625 0.18008823529411763
3 0.474912109375 0.5049705882352941 0.019091796875 0.16164705882352942
4 0.3814453125 0.22076470588235295 0.1613671875 0.10955882352941176
4 0.354794921875 0.30267647058823527 0.0734765625 0.05205882352941176
4 0.429716796875 0.8357058823529412 0.016552734375 0.2059411764705882
4 0.476142578125 0.8259411764705882 0.01943359375 0.23197058823529412
4 0.157275390625 0.8243235294117647 0.036708984375 0.1788529411764706
4 0.198662109375 0.8400294117647059 0.028076171875 0.2016176470588235
0 0.22798828125 0.5733823529411765 0.27748046875 0.3316764705882353
1 0.504541015625 0.5081176470588235 0.977177734375 0.9585882352941177