4 0.4286328125 0.17752941176470588 0.326533203125 0.18352941176470589
0 0.225556640625 0.5814117647058824 0.282109375 0.3365294117647059
2 0.4314453125 0.33141176470588235 0.042705078125 0.11620588235294117
2 0.543828125 0.36661764705882355 0.0361328125 0.10694117647058823
2 0.595380859375 0.34914705882352937 0.03279296875 0.10655882352941176
4 0.357119140625 0.24752941176470586 0.113349609375 0.15073529411764705
3 0.60837890625 0.5520882352941177 0.01875 0.1958235294117647
2 0.4859765625 0.3149411764705882 0.033916015625 0.10388235294117647
4 0.604638671875 0.8328529411764707 0.018916015625 0.21997058823529414
3 0.4263671875 0.5048529411764706 0.017529296875 0.18882352941176472
4 0.482294921875 0.8347941176470588 0.015791015625 0.2213235294117647
4 0.421630859375 0.8387941176470588 0.0195703125 0.23026470588235295
4 0.193193359375 0.8471176470588235 0.03216796875 0.21438235294117647
4 0.376875 0.20517647058823532 0.202646484375 0.1353529411764706
3 0.547900390625 0.5462941176470588 0.0194140625 0.19747058823529412
3 0.486171875 0.5325294117647059 0.0151953125 0.16876470588235296
4 0.5505078125 0.8280882352941177 0.013291015625 0.2006470588235294
4 0.45166015625 0.19117647058823528 0.16810546875 0.1638529411764706
1 0.5029296875 0.5136470588235293 0.975166015625 0.9348823529411765