2 0.131611328125 0.1588235294117647 0.046953125 0.12147058823529411
2 0.64833984375 0.4993529411764706 0.03689453125 0.11770588235294119
2 0.726708984375 0.13420588235294117 0.0341796875 0.10794117647058825
3 0.584150390625 0.7971764705882354 0.057763671875 0.08794117647058823
2 0.69068359375 0.1365294117647059 0.028154296875 0.11126470588235293
4 0.230556640625 0.7372352941176471 0.15931640625 0.5125
3 0.954638671875 0.3666764705882353 0.01685546875 0.2803235294117647
2 0.806201171875 0.10729411764705882 0.0388671875 0.10023529411764705
3 0.71568359375 0.6872941176470588 0.019365234375 0.22758823529411765
0 0.68689453125 0.5037058823529411 0.1221875 0.12097058823529412
3 0.611474609375 0.6909411764705882 0.084404296875 0.0641764705882353
4 0.8133203125 0.5615882352941176 0.255810546875 0.8292941176470587
2 0.65970703125 0.25261764705882356 0.043046875 0.1436764705882353
2 0.777978515625 0.09397058823529411 0.022783203125 0.12338235294117648
2 0.768623046875 0.10005882352941177 0.039814453125 0.12891176470588234
2 0.650810546875 0.35608823529411765 0.047431640625 0.0903235294117647
4 0.53466796875 0.4989411764705882 0.201591796875 0.9390882352941177
4 0.6441796875 0.23214705882352943 0.067666015625 0.45588235294117646
4 0.49072265625 0.5588235294117647 0.401083984375 0.848735294117647
4 0.864814453125 0.4390882352941176 0.27037109375 0.7899117647058823
1 0.501181640625 0.5147058823529411 0.9716796875 0.9705882352941176
4 0.921806640625 0.9380294117647059 0.1513671875 0.0693235294117647