4 0.436103515625 0.17832352941176471 0.328369140625 0.1799705882352941
0 0.22833984375 0.5811764705882353 0.27826171875 0.33497058823529413
2 0.492109375 0.31929411764705884 0.032880859375 0.1029705882352941
2 0.43748046875 0.3356470588235294 0.040517578125 0.10958823529411764
2 0.549306640625 0.3673235294117647 0.033837890625 0.11044117647058822
4 0.36240234375 0.24767647058823528 0.116611328125 0.1451470588235294
2 0.59994140625 0.3496470588235294 0.034462890625 0.10714705882352941
3 0.433408203125 0.506 0.01666015625 0.18000000000000002
3 0.493193359375 0.5272058823529412 0.017451171875 0.15785294117647058
3 0.553779296875 0.5388235294117647 0.0194140625 0.19226470588235295
3 0.6135546875 0.5490588235294118 0.02138671875 0.1952058823529412
4 0.55625 0.8304117647058823 0.012734375 0.20950000000000002
4 0.38501953125 0.20341176470588235 0.2058203125 0.1285294117647059
4 0.60724609375 0.8334411764705882 0.020751953125 0.21352941176470586
4 0.192392578125 0.8454705882352941 0.0348046875 0.2169705882352941
4 0.4848046875 0.8328235294117647 0.017802734375 0.2142647058823529
4 0.42498046875 0.8341764705882353 0.0245703125 0.21423529411764708
4 0.493515625 0.19326470588235292 0.103935546875 0.1428529411764706
1 0.504326171875 0.5073529411764706 0.975166015625 0.9348823529411765