4 0.432939453125 0.1915294117647059 0.32896484375 0.1743235294117647
0 0.235693359375 0.5900882352941176 0.273447265625 0.3262941176470588
4 0.364755859375 0.26626470588235296 0.115576171875 0.14958823529411763
2 0.5531640625 0.3746764705882353 0.037177734375 0.10688235294117648
2 0.442890625 0.34382352941176475 0.041435546875 0.1121764705882353
3 0.43400390625 0.5204705882352941 0.01509765625 0.17711764705882352
3 0.553837890625 0.551 0.019248046875 0.19158823529411764
2 0.603076171875 0.3598823529411765 0.032373046875 0.10258823529411766
3 0.4940625 0.5415882352941176 0.0148046875 0.15394117647058825
4 0.392783203125 0.21608823529411764 0.21658203125 0.13194117647058823
2 0.495 0.3251764705882353 0.029521484375 0.10364705882352941
3 0.6134375 0.5594705882352942 0.01814453125 0.187
4 0.555244140625 0.8356764705882352 0.01265625 0.20838235294117646
4 0.610048828125 0.8384411764705882 0.01724609375 0.21552941176470589
4 0.42890625 0.8417941176470588 0.018037109375 0.22294117647058823
4 0.20388671875 0.8538823529411764 0.028212890625 0.21911764705882353
4 0.488603515625 0.8417058823529412 0.01404296875 0.21655882352941175
4 0.502578125 0.2048235294117647 0.07044921875 0.13655882352941176
1 0.504677734375 0.5147058823529411 0.96888671875 0.9537941176470589