4 0.43181640625 0.18770588235294117 0.324033203125 0.1761764705882353
0 0.22466796875 0.5888529411764706 0.2734375 0.3306764705882353
2 0.5952734375 0.3549705882352941 0.03375 0.10267647058823529
4 0.3556640625 0.2520882352941176 0.11478515625 0.14426470588235293
2 0.4319921875 0.3390882352941177 0.041875 0.11152941176470589
3 0.428525390625 0.5129705882352941 0.0155859375 0.17261764705882351
2 0.544482421875 0.3753529411764706 0.034248046875 0.1106470588235294
2 0.48658203125 0.3215 0.03072265625 0.10332352941176472
3 0.608955078125 0.5572941176470588 0.019541015625 0.19364705882352942
4 0.484619140625 0.8354411764705882 0.017373046875 0.22602941176470587
4 0.19017578125 0.8483529411764705 0.035234375 0.2131470588235294
4 0.378759765625 0.21073529411764708 0.20466796875 0.13294117647058826
4 0.605625 0.8366470588235293 0.015498046875 0.22417647058823528
3 0.489228515625 0.5279705882352941 0.013837890625 0.15561764705882353
4 0.42037109375 0.8389411764705883 0.0241015625 0.22379411764705884
3 0.55013671875 0.5450588235294117 0.01654296875 0.18711764705882353
4 0.550830078125 0.8278529411764707 0.013173828125 0.2014411764705882
4 0.4976953125 0.20379411764705885 0.08021484375 0.13444117647058823
4 0.502578125 0.5115588235294117 0.973076171875 0.9474705882352941