0 0.22615234375 0.5800588235294117 0.280244140625 0.33073529411764707
4 0.37896484375 0.23158823529411762 0.15931640625 0.10405882352941177
2 0.41123046875 0.3297941176470588 0.03720703125 0.11270588235294118
3 0.430576171875 0.504 0.018935546875 0.19785294117647056
4 0.197392578125 0.8409117647058825 0.0282421875 0.21641176470588236
4 0.430947265625 0.8365588235294118 0.015751953125 0.21076470588235294
4 0.15591796875 0.8347058823529412 0.041376953125 0.16108823529411764
2 0.465419921875 0.31994117647058823 0.031123046875 0.1346764705882353
4 0.353232421875 0.30408823529411766 0.072783203125 0.03782352941176471
3 0.47509765625 0.506264705882353 0.019033203125 0.19697058823529412
4 0.477060546875 0.8338235294117647 0.0174609375 0.2320588235294118
1 0.503974609375 0.5010588235294118 0.97447265625 0.9432647058823529