4 0.433154296875 0.1831764705882353 0.3239453125 0.17779411764705882
0 0.23052734375 0.5881470588235294 0.278369140625 0.33629411764705885
2 0.59796875 0.3533235294117647 0.034228515625 0.10250000000000001
2 0.54724609375 0.3719411764705882 0.033466796875 0.10944117647058824
4 0.358671875 0.25079411764705883 0.11587890625 0.14291176470588235
3 0.431328125 0.509 0.01640625 0.18394117647058822
2 0.49015625 0.3216470588235294 0.034755859375 0.10370588235294118
2 0.4354296875 0.33788235294117647 0.03982421875 0.11141176470588236
3 0.49310546875 0.5285 0.013388671875 0.15408823529411764
3 0.55173828125 0.546735294117647 0.016005859375 0.18682352941176472
4 0.55603515625 0.8285 0.013671875 0.21008823529411766
4 0.38369140625 0.2083529411764706 0.20248046875 0.13061764705882353
4 0.19595703125 0.8487647058823529 0.03681640625 0.20620588235294118
4 0.6079296875 0.8353529411764705 0.0153125 0.21538235294117647
4 0.4843359375 0.8342058823529411 0.017529296875 0.2121764705882353
3 0.61228515625 0.5527352941176471 0.01640625 0.1942352941176471
4 0.4269140625 0.8377647058823529 0.020546875 0.2115
4 0.493515625 0.20379411764705885 0.088583984375 0.12185294117647058
1 0.503974609375 0.5084117647058823 0.9716796875 0.9453823529411765