0 0.22578125 0.5786470588235294 0.280654296875 0.3305882352941177
2 0.424013671875 0.32273529411764706 0.03419921875 0.12150000000000001
3 0.432041015625 0.5043235294117647 0.018740234375 0.19567647058823529
4 0.378916015625 0.23261764705882354 0.158447265625 0.09797058823529413
4 0.19388671875 0.8404705882352941 0.02453125 0.21332352941176472
2 0.46751953125 0.31985294117647056 0.03291015625 0.1332941176470588
3 0.475751953125 0.5034411764705882 0.02044921875 0.1923235294117647
4 0.36419921875 0.30317647058823527 0.085771484375 0.04185294117647059
4 0.15544921875 0.8260588235294118 0.0421484375 0.1781764705882353
4 0.477421875 0.8009705882352941 0.0194921875 0.21947058823529414
4 0.43205078125 0.8115294117647059 0.015810546875 0.1842941176470588
1 0.50501953125 0.505264705882353 0.970986328125 0.9306764705882353