0 0.77888671875 0.4417647058823529 0.279677734375 0.3361470588235294
2 0.57314453125 0.6765 0.03791015625 0.10805882352941178
3 0.577177734375 0.5166470588235293 0.0149609375 0.14394117647058824
3 0.518857421875 0.5033823529411765 0.01732421875 0.16541176470588237
4 0.58458984375 0.8338235294117647 0.34177734375 0.18035294117647058
4 0.64884765625 0.7655588235294118 0.1173046875 0.13820588235294118
2 0.46330078125 0.6445882352941177 0.03337890625 0.10879411764705883
3 0.4589453125 0.4727058823529412 0.0161328125 0.19097058823529414
2 0.523603515625 0.6929411764705882 0.03146484375 0.10776470588235294
4 0.58392578125 0.18008823529411763 0.022587890625 0.21964705882352945
4 0.401142578125 0.17602941176470588 0.015986328125 0.21223529411764705
2 0.412861328125 0.6638529411764706 0.0350390625 0.10335294117647059
4 0.454560546875 0.17747058823529413 0.0121484375 0.19176470588235295
3 0.39853515625 0.4640294117647059 0.015947265625 0.20120588235294118
4 0.81533203125 0.16991176470588237 0.031064453125 0.22294117647058823
4 0.521943359375 0.17479411764705882 0.015166015625 0.21438235294117647
4 0.51513671875 0.8025294117647059 0.088583984375 0.13444117647058823
1 0.503623046875 0.5031470588235294 0.970986328125 0.9306764705882353