0 0.225732421875 0.5383235294117648 0.278876953125 0.35667647058823526
3 0.470400390625 0.48711764705882354 0.0166796875 0.18661764705882353
4 0.37072265625 0.16791176470588237 0.152626953125 0.24079411764705883
3 0.428935546875 0.48273529411764704 0.017900390625 0.1966470588235294
4 0.428037109375 0.8124705882352942 0.018642578125 0.22055882352941175
4 0.1941796875 0.8175294117647058 0.024912109375 0.20729411764705882
4 0.156015625 0.7993235294117647 0.03888671875 0.16905882352941176
2 0.40564453125 0.21841176470588236 0.040810546875 0.17647058823529413
4 0.352333984375 0.25952941176470584 0.076171875 0.13455882352941176
4 0.4721484375 0.7897941176470588 0.01892578125 0.2698529411764706
2 0.461015625 0.21244117647058824 0.030693359375 0.1973235294117647
1 0.5054296875 0.5107352941176471 0.974853515625 0.9472941176470587