4 0.2561328125 0.6742058823529411 0.14556640625 0.6423235294117646
2 0.153955078125 0.15235294117647058 0.047626953125 0.14502941176470588
2 0.711708984375 0.11579411764705881 0.034990234375 0.13373529411764706
2 0.776806640625 0.15479411764705883 0.03986328125 0.14391176470588235
2 0.667626953125 0.4632647058823529 0.0401171875 0.11958823529411763
0 0.706416015625 0.5024117647058823 0.125458984375 0.13461764705882354
3 0.62111328125 0.6463823529411765 0.081650390625 0.06670588235294117
2 0.684833984375 0.21341176470588236 0.02576171875 0.11702941176470588
3 0.589296875 0.751264705882353 0.058837890625 0.08538235294117648
2 0.672431640625 0.33708823529411763 0.0443359375 0.11961764705882354
2 0.7470703125 0.08823529411764706 0.025107421875 0.07982352941176471
2 0.816123046875 0.10294117647058823 0.025107421875 0.0966470588235294
3 0.96076171875 0.3667941176470588 0.025849609375 0.3287058823529412
3 0.727822265625 0.652235294117647 0.01953125 0.16261764705882353
4 0.930029296875 0.8460294117647058 0.127529296875 0.1903235294117647
4 0.87 0.7007058823529412 0.247587890625 0.173
4 0.81056640625 0.4662352941176471 0.24486328125 0.8664117647058823
4 0.651328125 0.8334117647058824 0.146708984375 0.3082058823529412
4 0.494951171875 0.5118235294117648 0.376962890625 0.9733529411764705
1 0.506796875 0.510235294117647 0.98640625 0.9444411764705882