0 0.22826171875 0.5978529411764706 0.274462890625 0.3257941176470588
4 0.436171875 0.19955882352941176 0.325869140625 0.1643529411764706
4 0.3583203125 0.2753529411764706 0.117978515625 0.1361764705882353
3 0.43087890625 0.5193823529411765 0.01421875 0.1714705882352941
2 0.487646484375 0.33955882352941175 0.031875 0.10697058823529411
2 0.433984375 0.3528529411764706 0.0397265625 0.10588235294117647
2 0.5963671875 0.36979411764705883 0.03865234375 0.10658823529411765
3 0.610380859375 0.5561764705882353 0.018115234375 0.2042941176470588
2 0.5434765625 0.3847647058823529 0.034072265625 0.11311764705882353
4 0.605263671875 0.8360294117647059 0.01642578125 0.21885294117647058
3 0.550322265625 0.5533529411764706 0.017099609375 0.1829705882352941
3 0.490859375 0.534 0.01353515625 0.1424705882352941
4 0.486044921875 0.8426176470588236 0.01509765625 0.2131764705882353
4 0.425283203125 0.8409705882352941 0.0212109375 0.2130294117647059
4 0.19498046875 0.8584411764705883 0.028701171875 0.213
4 0.383544921875 0.2249705882352941 0.206259765625 0.12373529411764705
4 0.552001953125 0.8380882352941176 0.012099609375 0.20673529411764707
4 0.513740234375 0.22479411764705884 0.048134765625 0.10923529411764706
1 0.504677734375 0.5147058823529411 0.97865234375 0.9495882352941177