0 0.781572265625 0.4289117647058824 0.27646484375 0.3331470588235294
2 0.466533203125 0.6307941176470588 0.03337890625 0.11517647058823528
2 0.577900390625 0.665470588235294 0.0363671875 0.10958823529411764
4 0.585517578125 0.8288823529411764 0.3433984375 0.1638235294117647
3 0.40287109375 0.4564705882352941 0.019697265625 0.2001470588235294
3 0.583720703125 0.5005 0.018251953125 0.14747058823529413
4 0.65150390625 0.7554117647058822 0.11544921875 0.1355588235294118
4 0.588447265625 0.17205882352941176 0.027705078125 0.2126764705882353
3 0.5219921875 0.49208823529411766 0.015205078125 0.16255882352941178
4 0.528701171875 0.1673529411764706 0.01998046875 0.21294117647058824
4 0.407099609375 0.16885294117647057 0.017578125 0.2123529411764706
3 0.463271484375 0.4643529411764706 0.01865234375 0.20155882352941176
2 0.416064453125 0.6555294117647059 0.03263671875 0.11141176470588236
4 0.8165625 0.1665 0.033486328125 0.20938235294117646
4 0.460634765625 0.17270588235294118 0.013466796875 0.19291176470588237
2 0.51931640625 0.6790294117647059 0.035263671875 0.10464705882352941
4 0.5172265625 0.7983235294117648 0.087197265625 0.12185294117647058
1 0.502578125 0.4968529411764706 0.96888671875 0.9432647058823529