4 0.434521484375 0.187 0.325517578125 0.17473529411764704
0 0.22857421875 0.5891764705882353 0.2758984375 0.33147058823529413
4 0.3590234375 0.25994117647058823 0.115556640625 0.1393529411764706
2 0.548642578125 0.3770294117647059 0.034658203125 0.11102941176470588
2 0.598935546875 0.35758823529411765 0.031103515625 0.10767647058823529
2 0.4911328125 0.32873529411764707 0.033623046875 0.10770588235294117
3 0.4319921875 0.5109705882352941 0.013408203125 0.17670588235294118
2 0.437109375 0.34461764705882353 0.040615234375 0.10661764705882353
3 0.491630859375 0.5316176470588235 0.014833984375 0.1552058823529412
3 0.551201171875 0.5457941176470588 0.01603515625 0.18726470588235294
4 0.3848046875 0.21173529411764705 0.20443359375 0.12897058823529411
4 0.1944140625 0.847764705882353 0.03666015625 0.21323529411764705
4 0.605107421875 0.8334117647058824 0.016962890625 0.2115
4 0.553125 0.8310588235294117 0.013076171875 0.20791176470588235
4 0.48287109375 0.8366470588235293 0.0183203125 0.20982352941176471
4 0.4249609375 0.8358529411764706 0.018876953125 0.20747058823529413
3 0.61240234375 0.5539117647058824 0.016435546875 0.1995294117647059
4 0.44921875 0.19117647058823528 0.18275390625 0.15126470588235294
1 0.503974609375 0.5084117647058823 0.970283203125 0.9285588235294117