3 0.6689453125 0.6712058823529412 0.029296875 0.2878235294117647
3 0.54966796875 0.8014705882352942 0.13671875 0.15335294117647058
3 0.933662109375 0.35923529411764704 0.02720703125 0.5378235294117647
2 0.087890625 0.13761764705882354 0.078125 0.13655882352941176
2 0.687333984375 0.12644117647058825 0.042822265625 0.12644117647058825
2 0.73267578125 0.0645 0.03611328125 0.09358823529411765
2 0.717138671875 0.19220588235294117 0.0319140625 0.11129411764705884
2 0.621826171875 0.23900000000000002 0.051220703125 0.1441470588235294
2 0.61427734375 0.3578823529411765 0.044501953125 0.10876470588235293
2 0.61427734375 0.47041176470588236 0.04115234375 0.12141176470588236
3 0.567099609375 0.6796176470588235 0.069755859375 0.06091176470588235
4 0.846396484375 0.4400588235294118 0.30720703125 0.8801176470588236
4 0.830087890625 0.584235294117647 0.32498046875 0.7536764705882353
4 0.937158203125 0.7852941176470588 0.0218359375 0.2200294117647059
0 0.668857421875 0.4969705882352941 0.1503125 0.13908823529411765
4 0.160810546875 0.7347058823529412 0.31826171875 0.5285882352941177
4 0.422197265625 0.5615882352941176 0.4620703125 0.8768529411764706
4 0.517275390625 0.2139705882352941 0.1615234375 0.4279705882352941
1 0.502451171875 0.5061470588235294 0.988544921875 0.9876764705882353