2 0.13427734375 0.1638529411764706 0.049521484375 0.11764705882352941
2 0.8091015625 0.10579411764705882 0.046552734375 0.09217647058823529
2 0.76642578125 0.19994117647058823 0.046552734375 0.09605882352941175
2 0.731728515625 0.13970588235294118 0.0390625 0.09452941176470589
2 0.77392578125 0.0976764705882353 0.0439453125 0.11555882352941176
2 0.694658203125 0.13891176470588235 0.028876953125 0.11164705882352942
2 0.659521484375 0.2505588235294118 0.034482421875 0.1298235294117647
2 0.655 0.3706470588235294 0.0504296875 0.09738235294117648
2 0.65068359375 0.5017647058823529 0.046123046875 0.11814705882352941
3 0.589482421875 0.8049117647058824 0.09181640625 0.12464705882352942
3 0.6080078125 0.6945588235294118 0.118544921875 0.08567647058823528
3 0.722021484375 0.7023529411764706 0.03017578125 0.22329411764705884
0 0.695166015625 0.5048823529411764 0.1195703125 0.12229411764705882
3 0.9579296875 0.3837058823529412 0.0316796875 0.48532352941176465