3 0.595126953125 0.7044411764705882 0.11818359375 0.11652941176470588
3 0.95669921875 0.3527647058823529 0.030947265625 0.39617647058823524
3 0.577890625 0.816735294117647 0.113251953125 0.15891176470588236
3 0.70662109375 0.6875 0.03587890625 0.2945
2 0.11958984375 0.18008823529411763 0.064716796875 0.12711764705882353
2 0.62994140625 0.4989411764705882 0.04712890625 0.13347058823529412
2 0.751298828125 0.17926470588235294 0.0499609375 0.10461764705882352
2 0.7998828125 0.08579411764705883 0.038642578125 0.11520588235294119
2 0.7596875 0.06523529411764706 0.0441015625 0.10932352941176471
2 0.71439453125 0.11058823529411765 0.03947265625 0.10817647058823529
2 0.676025390625 0.11441176470588235 0.04220703125 0.12288235294117647
2 0.646826171875 0.23729411764705885 0.04291015625 0.13558823529411765
2 0.6470703125 0.36273529411764704 0.03005859375 0.10329411764705881
4 0.20990234375 0.751235294117647 0.16146484375 0.49635294117647055
4 0.4665625 0.5717941176470588 0.414228515625 0.8417647058823529
4 0.93212890625 0.7607058823529411 0.021279296875 0.23405882352941176
4 0.56626953125 0.25823529411764706 0.052470703125 0.10020588235294117
4 0.601455078125 0.18691176470588233 0.07421875 0.37382352941176467
4 0.4696484375 0.050117647058823524 0.084462890625 0.10020588235294117
4 0.54130859375 0.5087352941176471 0.3250390625 0.9712352941176471
4 0.681435546875 0.8671764705882352 0.08830078125 0.23897058823529413
4 0.815810546875 0.5530588235294117 0.303291015625 0.7746764705882353
4 0.85767578125 0.5395882352941177 0.2846484375 0.7168823529411765
4 0.926142578125 0.9462058823529411 0.147724609375 0.10405882352941177
4 0.871748046875 0.1792058823529412 0.256494140625 0.3044705882352941
0 0.68080078125 0.4914117647058824 0.12029296875 0.17344117647058824
1 0.50228515625 0.5038529411764706 0.991767578125 0.9922941176470588
4 0.601630859375 0.6165882352941177 0.14857421875 0.7079705882352941