4 0.45569693048656645 0.422535027192274 0.07227722018673909 0.01777308693116538
4 0.46073263845039675 0.46208014561411687 0.08234863611439955 0.018661741277723607
4 0.4573607703619888 0.2359377290112202 0.07346209264881672 0.019550395624281906
4 0.46150782397926066 0.20128020949544775 0.05568900571765141 0.03732348255544725
2 0.5547632709079611 0.2586239841513081 0.12839302424868898 0.22833532153317967
3 0.5761461448555155 0.42282671477444067 0.09125145343962672 0.013469296983774725
3 0.5749326946767971 0.4612324129308793 0.09367835379706356 0.015289472251852416
1 0.6460408751496978 0.40298680435239403 0.04659648686278814 0.034947365147091104
1 0.6511373659003152 0.4514034664832598 0.04514034664832607 0.034947365147091035
4 0.6535642662577521 0.36221487834745447 0.026695903931805702 0.06261402922187152
4 0.6822016904755074 0.38860741973458063 0.04416958650535108 0.13651314510582466
0 0.5788413956394838 0.4894390877350834 0.3691523253291485 0.8096522904796488