2 0.4366275093960597 0.277800113643376 0.10880208793184586 0.20506828312371814
4 0.34769362882568133 0.2547388015273868 0.06906567320891092 0.028383153373524976
4 0.35668162739396414 0.42007066992817 0.07190398854626338 0.022706522698819925
4 0.3538433120566117 0.4647741364914719 0.0719039885462633 0.01986820736146747
4 0.35620857483773877 0.5087680242204357 0.06338904253420594 0.022706522698820068
4 0.35715467995018957 0.5506331754463849 0.07095788343381251 0.018449049692791278
3 0.448453823301695 0.5516975436978921 0.07758061922096836 0.01632031318977688
3 0.4489268758579204 0.5094776030547737 0.08041893455832082 0.017029892024115013
3 0.4602801372073304 0.46654808357731725 0.07852672433341916 0.012062840183748093
3 0.46075318976355584 0.4250377217685369 0.07190398854626338 0.014191576686762488
1 0.516573391398155 0.42858561594022754 0.03784420449803335 0.03264062637955376
1 0.5217769695166347 0.4669028729944863 0.036898099385582486 0.0312214687108775
1 0.5123159183921261 0.5077036559689284 0.0406825198353858 0.031931047545215634
1 0.5123159183921263 0.54495654477168 0.03500588916068075 0.0312214687108775
4 0.5406990717656514 0.37394804569619183 0.046359150510090784 0.085149460120575
4 0.5506331754463849 0.386365675297109 0.05298188629724656 0.13978703036461052
4 0.561986436795795 0.40445993557273124 0.0510896760723449 0.18449049692791242
4 0.5648247521331475 0.4253925111857059 0.05865851697195169 0.2462238555153294
0 0.46121739596409034 0.4695405594098574 0.3423469330867475 0.7292702897524984