4 0.4780461675561709 0.4394391136442711 0.07607860623815547 0.017032523784661607
4 0.4874140556377348 0.47648485287591025 0.08573036971613042 0.016180897595428546
3 0.5688862944076998 0.4749945070447523 0.07494310465251125 0.012348579743879783
3 0.5722927991646322 0.4439101511377448 0.0772141078237997 0.01320020593311284
1 0.6443971498530331 0.4326261041304064 0.06358808879607018 0.03321342138009029
1 0.6452487760422663 0.47073637609858693 0.07323985227404513 0.02341972020390983
4 0.6370163895463464 0.3925996732364515 0.032929545983679274 0.049394318975518846
4 0.6659716799802713 0.40665150535879735 0.06018158403913788 0.10304676889720304
4 0.4747738195166303 0.26731150609661636 0.06520882187152224 0.014738980286028961
4 0.4823666275427664 0.2378335455245584 0.05359629194919627 0.0267981459745981
2 0.559681567656109 0.2977500468462778 0.10563129326354577 0.2029545072816443
0 0.5531660692951016 0.5017921146953405 0.31302270011947436 0.7526881720430108