4 0.3924554742487471 0.42896672925662505 0.07937011003184381 0.01534216044429968
4 0.38762013934500544 0.23585832310389607 0.08497638598289982 0.03277660602197567
4 0.3896774271501549 0.48117878562817024 0.08012059249816261 0.024582454516481746
4 0.39392624644929986 0.536261692970657 0.07890664412697845 0.018209225567764165
4 0.39696111737726064 0.5808742956116795 0.07769269575579414 0.018209225567764234
3 0.49347001288641124 0.58315044880765 0.08133454086934698 0.024582454516481746
3 0.4989327805567404 0.5303436946611337 0.08740428272526841 0.02458245451648189
3 0.5141071351965439 0.4839101694633349 0.09347402458118978 0.01911968684615239
3 0.510465290082991 0.433379568512789 0.08619033435408405 0.016388303010987856
1 0.5772324504981267 0.4361109523479537 0.044916089733818436 0.03459752857875209
1 0.5863370632820087 0.47935786307139383 0.04370214136263414 0.03186614474358748
1 0.5669138893430603 0.5307989253003278 0.04370214136263428 0.03459752857875202
1 0.5687348118998367 0.5708592215494092 0.057055573445661235 0.03641845113552833
4 0.6051532630353651 0.37511004669594356 0.05705557344566138 0.10379258573625627
4 0.6197206434895765 0.3960506560988724 0.05948347018802984 0.17116672033698396
4 0.6251834111599058 0.41608080422341304 0.06069741855921414 0.23125716471060578
4 0.6324671013870115 0.4292824927600421 0.07283690227105694 0.2849743801355105
2 0.4874002710304897 0.2653994626501639 0.1250366822319812 0.2376303936593234
0 0.5117070092796813 0.4903178758156863 0.3819338914623597 0.8182036818482339