4 0.39207545797528537 0.45058456387927165 0.076851390482542 0.018395279636778596
4 0.3933018099510707 0.4944266470135942 0.06458787072468958 0.017782103648886077
4 0.3941193779349275 0.5398016701176482 0.07112841459554424 0.011650343769959833
4 0.3953457299107127 0.580884461306454 0.06704057467626015 0.017782103648886077
4 0.38752722434813747 0.28083460245482117 0.07358111854711467 0.0257533914914902
2 0.47418943063696145 0.30566822996447235 0.11445951773995625 0.20786665989559905
3 0.4987164701526663 0.45160411508291654 0.08175679838568292 0.01532939969731558
3 0.5003516061203801 0.49544619821723906 0.08502707032111033 0.01348987173363767
3 0.48645295039481395 0.5356092254242059 0.08339193435339673 0.01900845562467133
3 0.48481781442710026 0.5828237764919377 0.08502707032111033 0.01778210364888622
1 0.5559462290226446 0.45375023104054063 0.034337855321986833 0.031885151370416406
1 0.5637131248692844 0.4945264342354001 0.03679055927355734 0.03127197538252375
1 0.54940568515179 0.5346894614423668 0.03760812725741424 0.03065879939463123
1 0.5526759570872172 0.5733195486796021 0.042513535160555234 0.02943244741884591
4 0.5825171884979914 0.40592250398491614 0.04987164701526666 0.09075004620810816
4 0.5935543562800586 0.41818602374276864 0.04905407903140976 0.139804125239518
4 0.5984597641831997 0.4341285994279768 0.05559462290226449 0.19376361217406873
4 0.6021388201105553 0.45068435110107763 0.06295273475697584 0.2489494510844048
0 0.4994026284348865 0.5053763440860215 0.3249701314217441 0.7275985663082437