4 0.40917455225425764 0.43621395339844815 0.06602391925971034 0.013682588530795244
4 0.41026047197892396 0.47416684777553497 0.07601438072664017 0.020523882796192865
3 0.514764034941684 0.4360798234076181 0.08965860068053352 0.016231298399062125
3 0.5163098728844518 0.47433931249112166 0.0958419524516048 0.025506326055669108
4 0.38877824260610666 0.24826051336132798 0.0695627074245519 0.023187569141517272
4 0.4026907840910171 0.2146385381061279 0.05719600388240934 0.03710011062642767
2 0.49621397962847014 0.27608559633114876 0.12366703542142553 0.22723817758686957
1 0.5849687075685347 0.430811678405888 0.042239916788259675 0.027238824844765475
1 0.5859556215121856 0.4656003949195832 0.045792806985402945 0.03108778922500413
4 0.6166437857800193 0.3983101931472342 0.03566093790785963 0.13372851715447376
4 0.594810558489493 0.38220818802047113 0.02983874396371931 0.07423297278778947
0 0.5209708216881036 0.49480853151599347 0.3685470441636366 0.7985185956878792