4 0.3767683171726645 0.45502457640414695 0.07740255458532083 0.015366683630909393
4 0.3796139993265366 0.49586011531221147 0.09144125321108973 0.016789524707845303
4 0.3719118773657023 0.2551670675465528 0.079396917639869 0.025595058976010422
4 0.37887651926393645 0.21912504572319114 0.06546763384340068 0.034997325538626466
4 0.58572638364149 0.39176110677566955 0.030644424352230148 0.06686056222304756
4 0.6132367191395147 0.4147444250398422 0.043877243958874955 0.13894460586977084
3 0.5018024487677687 0.45653227642924693 0.09820145076510123 0.01775983684049699
3 0.5011059845779454 0.49388016860852746 0.09959437914474797 0.015148096128659177
1 0.5770205812686973 0.4876119909001167 0.048056029097815485 0.024550362691275324
1 0.5759758849839621 0.43955596180230133 0.04318077976905158 0.032907932969156305
2 0.47557895968550823 0.2810737399984628 0.13587970276728817 0.24436430417020355
0 0.504191400941341 0.5184226098388788 0.3764009536981439 0.8521299368444093