2 0.5298653311767689 0.6828207982844698 0.11132006909014862 0.21157138131053813
4 0.6184153861348416 0.7117576912439827 0.06325003925576617 0.03225752002044075
4 0.6160553823511633 0.5407878356368014 0.07337004553668891 0.026565016487421857
4 0.6160553823511633 0.4971453085503228 0.07337004553668891 0.017077510599056964
4 0.6173203831362786 0.447810277930825 0.06325003925576617 0.020872512954402893
4 0.6179528835288363 0.409385879082947 0.0695750431813429 0.01802626118789334
3 0.5230778246451869 0.4032190002555099 0.08475505260272684 0.022770014132075786
3 0.5230778246451869 0.449707779108498 0.08728505417295736 0.013282508243710823
3 0.5104278167940337 0.4928759309005585 0.07969504946226551 0.01802626118789341
3 0.509795316401476 0.5393647097535466 0.08096005024738083 0.014231258832547411
1 0.45603278303407463 0.41412963202712944 0.03921502433857505 0.02941126825393134
1 0.4604602857819783 0.4544515320526804 0.043010026693921045 0.03605252237578668
1 0.44970777910849796 0.4947734320782314 0.03921502433857512 0.03130876943160438
1 0.4509727798936133 0.5379415838702919 0.04933503061949764 0.032257520020440966
4 0.42504026379874915 0.5886997403730443 0.04554002826415164 0.10341381418317788
4 0.41175775555503835 0.5768403580125882 0.04427502747903638 0.14800509185849314
4 0.4060652520220193 0.5564422203526035 0.04048002512369038 0.19828887306682716
4 0.40100524888155803 0.5322490803372729 0.05566003454507431 0.2656501648742183
0 0.5029868578255674 0.47401433691756273 0.34169653524492233 0.7508960573476703