4 0.47978144153224195 0.49049581827179606 0.0690172839327122 0.012523297487790401
4 0.4803380325316994 0.3320761050512458 0.06122500994030936 0.013775627236569648
4 0.4842341695279008 0.30389868570371703 0.04898000795224746 0.023376821977208983
4 0.48729542002491627 0.5211778971168829 0.07625296692565783 0.012940740737383579
3 0.5671662284470471 0.5176296294953423 0.07013046593162706 0.013358183986976612
3 0.5691142969451478 0.48903476689822056 0.0673475109343402 0.013775627236569577
4 0.6311741933846432 0.442489844568599 0.027829549972867795 0.05259784944872031
4 0.6603952208561544 0.4562654718051686 0.06512114693651093 0.09935149340313813
1 0.6406362403754181 0.513872640249005 0.07235682992945641 0.020037275980464883
1 0.63395714838193 0.48047718028156366 0.05899864594248001 0.029221027471511292
2 0.5575731842663262 0.3559450680880134 0.09737420833808272 0.18606941115037995
0 0.5557145944120372 0.5365320068749856 0.28766402534270163 0.6766642414311274