3 0.5091591321038297 0.4577391947105942 0.09816774447231559 0.015253155515618743
3 0.5098969832252215 0.4950663961661503 0.09941908742232655 0.0160930177482183
4 0.3850866900223728 0.49882143364073456 0.08869040892351436 0.01931162129786209
4 0.38437144478911867 0.4575160214203075 0.08010746612446454 0.018238753447980757
4 0.3794375962413254 0.2553425482717307 0.0836836922907353 0.020384489147743174
4 0.3894510295068834 0.22074256011306134 0.0650873162261275 0.03486820512113972
4 0.5922230531344342 0.3924014160940568 0.02002686653111617 0.06705424061757632
4 0.6208328624646002 0.4141269900541515 0.04005373306223227 0.13839995263467755
1 0.581136752018995 0.4414851202261227 0.05078241156104433 0.02574882839714931
1 0.5847129781852657 0.4889595225833667 0.05078241156104447 0.0337953372712586
2 0.48552192971018443 0.2811421023427185 0.13415494331335048 0.24458736616275478
0 0.5089605734767025 0.5197132616487455 0.3679808841099165 0.8458781362007168