1 0.6230125000000001 0.4514033333333333 0.038329999999999996 0.04069333333333333
1 0.209125 0.38802666666666663 0.03575 0.049376666666666666
1 0.676025 0.3720266666666666 0.02979 0.044719999999999996
1 0.7009924999999999 0.3911033333333333 0.030442499999999997 0.044803333333333334
1 0.7055549999999999 0.35477333333333333 0.0265325 0.039599999999999996
1 0.7385725 0.36111999999999994 0.026205 0.042203333333333336
1 0.6454099999999999 0.37150666666666665 0.02237 0.04795666666666667
1 0.6215824999999999 0.4949533333333333 0.034325 0.041446666666666666
1 0.624815 0.40277999999999997 0.02832 0.04642333333333334
3 0.5883674999999999 0.5576566666666667 0.09919499999999999 0.036436666666666666
3 0.57182 0.60458 0.09469499999999999 0.05562333333333334
3 0.8716375000000001 0.48808 0.019445 0.12833999999999998
0 0.5041100000000001 0.5339366666666666 0.851115 0.3638766666666667
4 0.2761475 0.56795 0.12795 0.23970333333333335
4 0.62801 0.61492 0.1384775 0.11985333333333334
4 0.4952 0.49668666666666667 0.3344525 0.3627966666666667
4 0.6421825 0.65433 0.0016200000000000001 0.010796666666666666
4 0.7531275000000001 0.47131 0.22188999999999998 0.38547000000000003
4 0.5559375 0.3627966666666667 0.14495750000000002 0.29153333333333337
2 0.6587825 0.5112633333333333 0.09798749999999999 0.04211
4 0.590355 0.4070666666666667 0.28019499999999997 0.4232633333333333
4 0.853125 0.49166666666666664 0.28875 0.36333333333333334
4 0.840625 0.45416666666666666 0.28625 0.345
4 0.628125 0.615 0.13125 0.12666666666666668
4 0.875 0.6158333333333333 0.0475 0.07833333333333334