4 0.429736328125 0.18226470588235294 0.32185546875 0.1876764705882353
2 0.225751953125 0.5863235294117647 0.27189453125 0.3352352941176471
1 0.542958984375 0.3679705882352941 0.034990234375 0.1041764705882353
3 0.5436328125 0.546235294117647 0.01841796875 0.18991176470588234
4 0.356328125 0.2578823529411765 0.11357421875 0.15
1 0.430615234375 0.33541176470588235 0.039970703125 0.11385294117647059
1 0.479375 0.321 0.03099609375 0.10052941176470588
3 0.424091796875 0.5125588235294118 0.018203125 0.17926470588235294
3 0.604599609375 0.5588823529411765 0.018603515625 0.197
4 0.4796484375 0.8404117647058824 0.015029296875 0.21826470588235292
3 0.4848046875 0.5320294117647059 0.016533203125 0.15338235294117647
4 0.379501953125 0.21241176470588236 0.2026171875 0.1373235294117647
1 0.589658203125 0.35208823529411765 0.0325390625 0.10588235294117647
4 0.420078125 0.8374705882352942 0.021943359375 0.21714705882352942
4 0.1930078125 0.8487647058823529 0.02890625 0.21447058823529414
4 0.54841796875 0.832735294117647 0.01240234375 0.19373529411764706
4 0.6012109375 0.8350588235294119 0.015380859375 0.2041764705882353
4 0.4683984375 0.19644117647058826 0.1220703125 0.16176470588235295
0 0.503623046875 0.5115588235294117 0.968193359375 0.9432647058823529