3 0.475380859375 0.5147058823529411 0.023017578125 0.17158823529411765
3 0.4298828125 0.4960294117647059 0.020439453125 0.16723529411764707
1 0.462578125 0.3103235294117647 0.036103515625 0.1323529411764706
1 0.40466796875 0.317 0.043603515625 0.12311764705882353
4 0.47455078125 0.8278823529411765 0.020478515625 0.2251764705882353
4 0.430068359375 0.8382941176470587 0.01947265625 0.20058823529411765
4 0.195625 0.8368235294117646 0.028349609375 0.19638235294117645
4 0.157880859375 0.8245294117647058 0.04146484375 0.1718529411764706
2 0.2268359375 0.5726176470588236 0.287939453125 0.34908823529411764
4 0.35142578125 0.3104117647058824 0.069287109375 0.07891176470588235
4 0.38193359375 0.22111764705882356 0.1626953125 0.1225
0 0.50404296875 0.5056470588235293 0.9815234375 0.9712941176470589