4 0.42466796875 0.18788235294117647 0.330166015625 0.17561764705882354
2 0.2270703125 0.5872352941176471 0.27841796875 0.3311470588235294
3 0.606708984375 0.5598235294117647 0.019990234375 0.19023529411764709
4 0.357021484375 0.26241176470588234 0.113388671875 0.1405
1 0.543369140625 0.37958823529411767 0.038857421875 0.11120588235294118
1 0.43181640625 0.3463235294117647 0.03908203125 0.10552941176470589
1 0.483955078125 0.3327058823529412 0.039150390625 0.10450000000000001
1 0.594052734375 0.3591764705882353 0.0324609375 0.10758823529411764
4 0.603994140625 0.8334117647058824 0.017861328125 0.21997058823529414
3 0.425419921875 0.5138235294117647 0.017041015625 0.16779411764705882
3 0.547880859375 0.5510588235294118 0.017578125 0.18676470588235294
4 0.48232421875 0.8368235294117646 0.018046875 0.22267647058823528
4 0.37982421875 0.21076470588235294 0.207119140625 0.13105882352941178
4 0.19380859375 0.8494411764705883 0.0373828125 0.2121764705882353
3 0.486689453125 0.5305882352941177 0.018056640625 0.14650000000000002
4 0.420029296875 0.8371764705882353 0.021337890625 0.20605882352941177
4 0.550380859375 0.8325588235294118 0.01328125 0.20164705882352943
4 0.46595703125 0.20167647058823526 0.13951171875 0.1554705882352941
0 0.50328125 0.5105 0.970283203125 0.9369705882352941