1 0.151953125 0.15658823529411764 0.037900390625 0.11694117647058823
1 0.76623046875 0.0925 0.046953125 0.11808823529411765
1 0.76734375 0.19347058823529412 0.03669921875 0.0976764705882353
1 0.655126953125 0.48423529411764704 0.047265625 0.12070588235294118
1 0.8025 0.10423529411764705 0.044951171875 0.11082352941176471
1 0.66958984375 0.2287058823529412 0.037333984375 0.11561764705882353
1 0.697939453125 0.12414705882352942 0.0276171875 0.10967647058823529
4 0.848447265625 0.5043235294117647 0.22517578125 0.7493529411764706
4 0.272958984375 0.7194411764705883 0.122763671875 0.5610882352941177
1 0.648828125 0.34923529411764703 0.043974609375 0.11185294117647059
1 0.721513671875 0.13126470588235295 0.034697265625 0.12411764705882354
2 0.68396484375 0.48711764705882354 0.11619140625 0.14979411764705883
3 0.93830078125 0.3975 0.02056640625 0.28850000000000003
3 0.599892578125 0.7794117647058824 0.047431640625 0.09244117647058823
3 0.615927734375 0.6806764705882353 0.043251953125 0.05461764705882353
3 0.72021484375 0.6638529411764706 0.02162109375 0.13444117647058823
4 0.907158203125 0.7363529411764707 0.0146484375 0.09873529411764706
4 0.9183203125 0.9002058823529412 0.15833984375 0.09452941176470589
4 0.724052734375 0.8676470588235294 0.13392578125 0.2647058823529412
4 0.51478515625 0.06302941176470588 0.04185546875 0.12185294117647058
4 0.586982421875 0.2993823529411765 0.071845703125 0.09873529411764706
4 0.64453125 0.5955882352941176 0.206474609375 0.6869705882352941
4 0.8597265625 0.5136470588235293 0.264365234375 0.7626176470588236
4 0.848564453125 0.5283529411764706 0.20298828125 0.5609117647058823
0 0.484091796875 0.4937058823529412 0.93470703125 0.9285588235294117
4 0.47921875 0.6344411764705883 0.33900390625 0.7310882352941176
0 0.6790625 0.4915882352941176 0.10533203125 0.16805882352941176