2 0.22701171875 0.5743235294117648 0.273818359375 0.32923529411764707
4 0.37810546875 0.22655882352941176 0.1584375 0.10255882352941176
3 0.43091796875 0.5026470588235294 0.01689453125 0.19779411764705881
1 0.410810546875 0.32455882352941173 0.037021484375 0.11535294117647059
4 0.194404296875 0.8338529411764706 0.02314453125 0.2048235294117647
4 0.430439453125 0.8360588235294117 0.0170703125 0.20958823529411766
1 0.464873046875 0.31626470588235295 0.0322265625 0.1343235294117647
4 0.15806640625 0.8228235294117647 0.03451171875 0.17935294117647058
4 0.35646484375 0.3001470588235294 0.0724609375 0.04032352941176471
3 0.472470703125 0.5015294117647059 0.016162109375 0.19258823529411767
4 0.472490234375 0.8334705882352941 0.01646484375 0.22988235294117645
0 0.502578125 0.5031470588235294 0.973076171875 0.9474705882352941