2 0.22662109375 0.5765882352941176 0.279443359375 0.32541176470588234
4 0.376943359375 0.22805882352941179 0.156240234375 0.10591176470588234
3 0.431103515625 0.5039705882352941 0.0162890625 0.19605882352941176
4 0.195126953125 0.8313235294117647 0.02353515625 0.2003235294117647
1 0.4112890625 0.3235294117647059 0.037177734375 0.11838235294117647
4 0.158759765625 0.8210882352941177 0.035009765625 0.17608823529411763
1 0.46591796875 0.3176470588235294 0.03330078125 0.1356470588235294
4 0.430712890625 0.8337352941176471 0.015908203125 0.20673529411764707
4 0.35380859375 0.3033529411764706 0.07349609375 0.043176470588235295
3 0.476005859375 0.5036764705882353 0.016962890625 0.1954705882352941
4 0.476953125 0.8330000000000001 0.016083984375 0.2333235294117647
0 0.502578125 0.505264705882353 0.970283203125 0.9390882352941177