1 0.127578125 0.1731764705882353 0.039970703125 0.10723529411764707
1 0.688759765625 0.1021470588235294 0.03701171875 0.1126470588235294
1 0.685380859375 0.20494117647058827 0.034931640625 0.10029411764705883
1 0.60060546875 0.36517647058823527 0.028271484375 0.10379411764705881
4 0.226171875 0.6904411764705882 0.137197265625 0.6086470588235294
1 0.652763671875 0.14020588235294118 0.0316796875 0.09741176470588235
1 0.59677734375 0.2416764705882353 0.029970703125 0.12617647058823528
1 0.593369140625 0.4882941176470589 0.038173828125 0.12655882352941178
1 0.719599609375 0.11488235294117648 0.031923828125 0.09885294117647059
1 0.612822265625 0.14097058823529413 0.02779296875 0.09961764705882352
4 0.845478515625 0.6040882352941176 0.30904296875 0.7574117647058823
4 0.448798828125 0.5565882352941177 0.33939453125 0.8682058823529412
3 0.542255859375 0.7805882352941176 0.05328125 0.0826764705882353
3 0.56373046875 0.6801764705882353 0.08771484375 0.06811764705882353
3 0.864609375 0.31723529411764706 0.020224609375 0.04202941176470588
3 0.65708984375 0.6481176470588236 0.015341796875 0.1491470588235294
4 0.435263671875 0.047264705882352945 0.053017578125 0.09452941176470589
4 0.782998046875 0.5861470588235294 0.24623046875 0.7647058823529411
4 0.83740234375 0.6281470588235294 0.322958984375 0.5882352941176471
4 0.88099609375 0.9411764705882353 0.191123046875 0.10502941176470589
4 0.531533203125 0.2731176470588235 0.053017578125 0.06723529411764706
4 0.562216796875 0.6207941176470588 0.142294921875 0.6575588235294118
4 0.811240234375 0.7773235294117647 0.28041015625 0.2815
4 0.797294921875 0.5640882352941177 0.223212890625 0.46429411764705886
4 0.4300390625 0.625 0.293662109375 0.7457941176470588
4 0.863564453125 0.7520882352941177 0.020927734375 0.1554705882352941
4 0.5472265625 0.21850000000000003 0.0830078125 0.4369705882352941
0 0.453056640625 0.5031470588235294 0.865654296875 0.9264705882352942
2 0.633369140625 0.48635294117647065 0.103232421875 0.13655882352941176