2 0.227587890625 0.522029411764706 0.27806640625 0.3398529411764706
4 0.19560546875 0.7955588235294118 0.0225390625 0.20105882352941176
3 0.47119140625 0.4711470588235294 0.0196484375 0.192
4 0.429560546875 0.7970882352941177 0.017421875 0.21782352941176472
3 0.42818359375 0.4722058823529412 0.019609375 0.18764705882352942
4 0.1565234375 0.7819705882352941 0.036220703125 0.17844117647058824
1 0.413818359375 0.2238529411764706 0.037470703125 0.16270588235294117
4 0.37595703125 0.16373529411764706 0.158173828125 0.21511764705882352
4 0.354697265625 0.2591176470588235 0.077802734375 0.12144117647058823
1 0.4683984375 0.21638235294117644 0.035576171875 0.17226470588235293
4 0.476767578125 0.776264705882353 0.025810546875 0.25420588235294117
0 0.501884765625 0.48108823529411765 0.973076171875 0.8949705882352942