2 0.22736328125 0.582 0.2771875 0.33038235294117646
4 0.376787109375 0.23038235294117645 0.16041015625 0.10761764705882354
1 0.463115234375 0.3215882352941177 0.032265625 0.1293235294117647
3 0.428193359375 0.5054705882352941 0.020302734375 0.1831470588235294
1 0.405693359375 0.3311176470588235 0.038388671875 0.11117647058823528
3 0.470966796875 0.5144411764705882 0.019697265625 0.17855882352941177
4 0.43060546875 0.8380294117647059 0.015810546875 0.2096470588235294
4 0.15583984375 0.8270588235294117 0.03724609375 0.16897058823529412
4 0.4732421875 0.8281470588235293 0.02376953125 0.23255882352941173
4 0.194462890625 0.8404999999999999 0.02349609375 0.20223529411764707
4 0.3545703125 0.3057941176470588 0.072626953125 0.042470588235294114
0 0.504326171875 0.5147058823529411 0.97376953125 0.9285588235294117