2 0.228486328125 0.5810882352941176 0.273251953125 0.32841176470588235
1 0.42359375 0.33226470588235296 0.03404296875 0.11470588235294117
4 0.37978515625 0.23694117647058824 0.16146484375 0.09435294117647058
3 0.430703125 0.5049411764705882 0.0165625 0.19714705882352943
1 0.4662109375 0.3261176470588235 0.03228515625 0.12426470588235294
4 0.159208984375 0.8268823529411764 0.03419921875 0.18211764705882352
4 0.195107421875 0.8386176470588235 0.0214453125 0.21017647058823527
4 0.363876953125 0.30714705882352944 0.0869921875 0.036470588235294116
4 0.433310546875 0.8405588235294118 0.019775390625 0.20282352941176468
3 0.4725390625 0.503 0.01662109375 0.19270588235294117
4 0.476904296875 0.8373529411764705 0.015498046875 0.2292058823529412
0 0.504326171875 0.5031470588235294 0.972373046875 0.9348823529411765