1 0.5747265625 0.6768529411764705 0.037939453125 0.10794117647058825
2 0.779013671875 0.44114705882352945 0.280166015625 0.33729411764705886
3 0.518876953125 0.49726470588235294 0.015595703125 0.16858823529411765
1 0.524501953125 0.6946470588235294 0.030185546875 0.10994117647058824
3 0.578447265625 0.5173235294117646 0.014267578125 0.141
4 0.592353515625 0.8411764705882353 0.329208984375 0.16520588235294117
1 0.464140625 0.6453823529411765 0.032451171875 0.11082352941176471
1 0.413974609375 0.6664117647058824 0.035078125 0.10461764705882352
4 0.6493359375 0.7667647058823529 0.115703125 0.13694117647058823
3 0.45978515625 0.4752352941176471 0.016298828125 0.19426470588235292
4 0.45603515625 0.17805882352941177 0.01296875 0.19308823529411767
4 0.402041015625 0.17641176470588235 0.016142578125 0.20955882352941177
4 0.585048828125 0.18029411764705883 0.024169921875 0.21508823529411764
4 0.816435546875 0.16979411764705882 0.0318359375 0.21538235294117647
3 0.399208984375 0.4657058823529412 0.015712890625 0.20011764705882354
4 0.522890625 0.17455882352941177 0.013486328125 0.2164705882352941
4 0.560126953125 0.8119705882352941 0.171591796875 0.14076470588235293
0 0.50328125 0.5178529411764705 0.973076171875 0.9432647058823529