2 0.225078125 0.5363823529411765 0.2797265625 0.34052941176470586
4 0.19470703125 0.8263529411764705 0.0293359375 0.20655882352941177
4 0.371640625 0.1673529411764706 0.1525390625 0.23594117647058824
4 0.428857421875 0.8218529411764706 0.01787109375 0.22279411764705884
3 0.472451171875 0.48926470588235293 0.01544921875 0.18814705882352942
3 0.4304296875 0.48905882352941177 0.017353515625 0.1971176470588235
1 0.40482421875 0.22476470588235295 0.042451171875 0.1806470588235294
4 0.352451171875 0.2626470588235294 0.07662109375 0.12908823529411764
4 0.1573046875 0.808 0.03763671875 0.17908823529411766
1 0.4616796875 0.21761764705882353 0.029814453125 0.1882941176470588
4 0.47451171875 0.7993529411764705 0.019873046875 0.26438235294117646
0 0.504130859375 0.5079411764705882 0.97314453125 0.9541764705882353