2 0.225087890625 0.5746176470588236 0.276044921875 0.3421470588235294
1 0.421279296875 0.3306764705882353 0.032802734375 0.1141764705882353
4 0.37724609375 0.23461764705882351 0.158994140625 0.09841176470588235
3 0.42921875 0.504029411764706 0.016279296875 0.19594117647058826
1 0.46490234375 0.3226764705882353 0.0315625 0.1278235294117647
4 0.192666015625 0.8388529411764706 0.02294921875 0.21476470588235294
4 0.362060546875 0.3055294117647059 0.08693359375 0.035794117647058823
4 0.157275390625 0.8234705882352942 0.034375 0.17800000000000002
3 0.4709765625 0.5038823529411764 0.017138671875 0.19611764705882356
4 0.4331640625 0.8386176470588235 0.01576171875 0.20235294117647057
4 0.47181640625 0.8372058823529411 0.015830078125 0.21955882352941178
0 0.50328125 0.5094411764705883 0.9716796875 0.9474705882352941