2 0.226005859375 0.5804117647058824 0.274560546875 0.3323235294117647
1 0.42142578125 0.32202941176470584 0.033193359375 0.1231764705882353
4 0.376474609375 0.2335 0.156572265625 0.0966470588235294
3 0.4289453125 0.5042058823529412 0.020390625 0.2
4 0.361689453125 0.30514705882352944 0.084716796875 0.040205882352941175
1 0.462822265625 0.3203823529411765 0.035068359375 0.1332941176470588
4 0.192724609375 0.8446470588235294 0.024990234375 0.21311764705882352
3 0.47240234375 0.5072941176470588 0.02001953125 0.19691176470588237
4 0.155341796875 0.828 0.040185546875 0.17776470588235294
4 0.430302734375 0.8136176470588236 0.015078125 0.18885294117647056
4 0.47630859375 0.7976764705882352 0.01978515625 0.20794117647058824
0 0.50328125 0.5073529411764706 0.973076171875 0.9348823529411765