3 0.0439453125 0.5976764705882354 0.033486328125 0.33402941176470585
1 0.870673828125 0.8254705882352942 0.049951171875 0.10870588235294118
4 0.76939453125 0.24894117647058825 0.17298828125 0.49791176470588233
3 0.387138671875 0.3161764705882353 0.09765625 0.06511764705882353
3 0.414345703125 0.21008823529411766 0.09068359375 0.10502941176470589
3 0.2835546875 0.29726470588235293 0.02720703125 0.21638235294117644
1 0.228798828125 0.9128235294117647 0.04185546875 0.12394117647058824
1 0.195927734375 0.8991470588235293 0.044814453125 0.10923529411764706
1 0.239609375 0.8056764705882353 0.05091796875 0.0903235294117647
1 0.273212890625 0.8744117647058823 0.040908203125 0.10832352941176471
1 0.3116796875 0.8758235294117647 0.040703125 0.12232352941176472
1 0.340693359375 0.7595000000000001 0.0440625 0.12405882352941176
1 0.34705078125 0.6430588235294117 0.05080078125 0.10338235294117647
1 0.353564453125 0.5107352941176471 0.043251953125 0.11991176470588236
2 0.310771484375 0.5148529411764706 0.123720703125 0.12126470588235293
4 0.067353515625 0.21608823529411764 0.024892578125 0.20726470588235293
4 0.17423828125 0.4409705882352941 0.282587890625 0.7055588235294117
4 0.13873046875 0.45091176470588235 0.2774609375 0.6504411764705883
4 0.31041015625 0.13449999999999998 0.09078125 0.26899999999999996
4 0.174599609375 0.44317647058823534 0.27599609375 0.696735294117647
4 0.413271484375 0.7700882352941176 0.18814453125 0.45979411764705885
4 0.384599609375 0.3906470588235294 0.152880859375 0.6602058823529412
4 0.36189453125 0.48552941176470593 0.3693359375 0.9576176470588235
4 0.50634765625 0.4373235294117647 0.400615234375 0.843235294117647
0 0.50453125 0.43735294117647056 0.9863671875 0.7949411764705882