4 0.430234375 0.17829411764705883 0.3364453125 0.1792058823529412
2 0.23087890625 0.5807058823529412 0.273359375 0.3284705882352941
4 0.35828125 0.25123529411764706 0.11548828125 0.14652941176470588
1 0.437421875 0.33188235294117646 0.040986328125 0.11458823529411764
3 0.43177734375 0.5058823529411764 0.013447265625 0.17276470588235296
1 0.547900390625 0.3665 0.03642578125 0.10450000000000001
3 0.551376953125 0.5430294117647059 0.016279296875 0.18361764705882352
1 0.59669921875 0.35102941176470587 0.0312109375 0.10211764705882352
1 0.492177734375 0.31820588235294117 0.033056640625 0.09949999999999999
3 0.49177734375 0.5258235294117647 0.01466796875 0.16
4 0.381298828125 0.2083235294117647 0.203779296875 0.1342941176470588
4 0.609404296875 0.832970588235294 0.018701171875 0.21502941176470589
3 0.6114453125 0.5513529411764706 0.01599609375 0.19455882352941178
4 0.55564453125 0.8298823529411765 0.013505859375 0.20361764705882354
4 0.487666015625 0.8362941176470587 0.01560546875 0.21541176470588233
4 0.198828125 0.8478235294117646 0.0293359375 0.2161470588235294
4 0.426484375 0.8393235294117647 0.01921875 0.22520588235294114
4 0.50083984375 0.2048235294117647 0.08091796875 0.14497058823529413
4 0.503623046875 0.5115588235294117 0.970986328125 0.9390882352941177