2 0.781904296875 0.43829411764705883 0.2771484375 0.33788235294117647
4 0.65302734375 0.7609705882352942 0.11611328125 0.13908823529411765
1 0.57837890625 0.6760294117647059 0.037548828125 0.10829411764705882
1 0.4653515625 0.6438235294117647 0.037890625 0.11579411764705881
4 0.5896484375 0.1728823529411765 0.02361328125 0.2225
4 0.596318359375 0.837 0.332431640625 0.17026470588235293
3 0.40185546875 0.4588529411764706 0.019208984375 0.19758823529411768
4 0.53138671875 0.16879411764705882 0.014892578125 0.21282352941176472
4 0.405263671875 0.169 0.018662109375 0.2133529411764706
3 0.52484375 0.5026764705882353 0.019375 0.1688235294117647
3 0.46244140625 0.47397058823529414 0.0166015625 0.19697058823529412
1 0.5252734375 0.6890588235294117 0.04 0.1075
1 0.41572265625 0.6635294117647058 0.031923828125 0.10629411764705883
4 0.818779296875 0.1680294117647059 0.030302734375 0.21508823529411764
3 0.5862109375 0.5148235294117647 0.01583984375 0.14226470588235293
4 0.460546875 0.1748235294117647 0.012939453125 0.19420588235294117
4 0.52001953125 0.8056764705882353 0.08580078125 0.13655882352941176
0 0.502578125 0.5136470588235293 0.97447265625 0.9390882352941177