4 0.434345703125 0.17520588235294118 0.326484375 0.18191176470588236
2 0.2293359375 0.5772941176470588 0.27697265625 0.3335
4 0.359423828125 0.24367647058823527 0.115595703125 0.15473529411764705
1 0.436494140625 0.3276176470588235 0.04130859375 0.11497058823529413
1 0.599404296875 0.34608823529411764 0.032275390625 0.10700000000000001
1 0.4912109375 0.3105882352941176 0.033583984375 0.10208823529411765
1 0.54875 0.35823529411764704 0.035732421875 0.10926470588235293
3 0.55203125 0.5411470588235294 0.016953125 0.1886764705882353
3 0.493388671875 0.5279411764705882 0.0141796875 0.1583235294117647
3 0.432744140625 0.5018823529411764 0.014208984375 0.2016176470588235
4 0.19640625 0.8465 0.0321484375 0.21629411764705883
4 0.385322265625 0.2033529411764706 0.203349609375 0.13552941176470587
4 0.605234375 0.8326176470588235 0.018056640625 0.21352941176470586
4 0.5538671875 0.8256470588235295 0.012216796875 0.20026470588235296
4 0.487412109375 0.8362941176470587 0.016171875 0.2167058823529412
3 0.612060546875 0.5472941176470588 0.017587890625 0.19538235294117648
4 0.427109375 0.8369705882352941 0.022197265625 0.22911764705882354
4 0.50048828125 0.19326470588235292 0.08021484375 0.1428529411764706
0 0.506767578125 0.5062941176470588 0.973076171875 0.9453823529411765