2 0.226484375 0.5702058823529412 0.27658203125 0.3282058823529412
1 0.43375 0.2954705882352941 0.039375 0.13129411764705884
3 0.42806640625 0.4998823529411765 0.020458984375 0.19655882352941176
4 0.193125 0.8318529411764706 0.0228515625 0.2016176470588235
3 0.47208984375 0.49838235294117644 0.019169921875 0.19476470588235295
4 0.157470703125 0.8223529411764706 0.042919921875 0.17447058823529413
4 0.431376953125 0.8401764705882354 0.0248046875 0.20185294117647057
4 0.478037109375 0.8345588235294118 0.017734375 0.2417941176470588
4 0.3678515625 0.18152941176470588 0.17359375 0.17473529411764704
4 0.35357421875 0.29252941176470587 0.097353515625 0.07447058823529412
1 0.468017578125 0.2868823529411765 0.0250390625 0.12608823529411764
0 0.501884765625 0.5147058823529411 0.96888671875 0.9327647058823529