4 0.44447922974459425 0.204575862092696 0.05536706283929945 0.03150194954649798
4 0.4358877889591857 0.23392995144284182 0.07509555649468197 0.02338781102694547
4 0.4387998830769766 0.4233671098142983 0.07445915347354053 0.018137486102529153
4 0.44707312235181446 0.4586874774876445 0.09227843806549905 0.01718288157081709
3 0.5377605528644601 0.46155129108278076 0.07764116857924755 0.014319067975680824
3 0.5399879634384549 0.42575362114357856 0.08209598972723711 0.01336446344396883
1 0.6154017214437076 0.4154916224276738 0.0661859141987027 0.04057069259776263
1 0.6166745274859904 0.4553463616266524 0.06873152628326822 0.03054734501478599
4 0.6150835199331369 0.37110251170306313 0.037547778247340985 0.057753574168579576
4 0.6427670513527866 0.3897173000714483 0.06873152628326835 0.11598445060301522
2 0.530563448759452 0.26988715546417624 0.11083381565359936 0.22186276126433513
0 0.5239990436689914 0.4814022394509108 0.3291040764246227 0.7947513334935036
