4 0.3612711050937179 0.44756950388901046 0.07691985134630648 0.012767434342317259
4 0.3562271804152715 0.2546393849384386 0.07818083251591794 0.021279057237195396
4 0.36316257684813524 0.22295723305194762 0.063049058480579 0.03546509539532575
4 0.360663915772264 0.4876838502743659 0.08481458265641152 0.019386190321465477
4 0.5581607296721934 0.38651216953421796 0.019386190321465477 0.06300511854476283
4 0.5880477730844528 0.4113507258835956 0.04038789650305311 0.13691496914534987
1 0.5464482396863082 0.43376600844279006 0.039580138572992 0.037560743747839354
1 0.5492753924415218 0.4792023920087247 0.043618928223297215 0.03029092237728982
3 0.4810198473513621 0.4483056511838892 0.08804561437665569 0.016962916531282204
3 0.48061596838633164 0.48465475803663693 0.09208440402696105 0.016962916531282415
2 0.45740824725374224 0.28339430912396973 0.12502766455487965 0.23829814047042425
0 0.48506571087216244 0.5080645161290324 0.36798088410991625 0.8225806451612904
