4 0.3742663314405242 0.44997423305230727 0.07712940418611751 0.012147881159313556
4 0.3773515076079688 0.49017793498432105 0.08329975652100692 0.013883292753501166
4 0.3717637281770865 0.2629148565194282 0.07712940418611751 0.020246468598855892
4 0.3798623156166289 0.2290743304327691 0.05476187697214343 0.033551290820961165
4 0.5699862969354086 0.3927814908178036 0.02005364508839058 0.06363175845354703
4 0.6012237056307863 0.41620954733933685 0.04396376038608708 0.13362669275244862
1 0.5615020624749358 0.483890599512655 0.04936281867911518 0.02718811497560637
2 0.5607307684330745 0.43761295700098446 0.04473505442794824 0.03297282028956523
3 0.496713362958597 0.4517854850201835 0.08792752077217393 0.012726351690709379
3 0.49401383381208286 0.48793989323242615 0.08715622673031277 0.015618704347688776
2 0.47500359447045737 0.2887404385741238 0.12989407263768185 0.22770587432268294
0 0.49636424551490094 0.5103597211017793 0.3644997049080715 0.807237547043753
