4 0.41168627101343475 0.5999982238377545 0.07516077175671107 0.021138967056575027
4 0.4130955354838731 0.5520832318428511 0.07046322352191658 0.01691117364526008
4 0.40709908349829926 0.247964850385541 0.07940042183699027 0.02045211982480241
4 0.40886774207255805 0.49782654973097534 0.07703979105062855 0.016911173645259923
4 0.40910854781877987 0.4467318201758625 0.07940042183699027 0.02045211982480241
2 0.5086853257359047 0.28601136351073025 0.12305530834371375 0.23975721761533372
3 0.5146651064413166 0.6001073742965741 0.09044327370461958 0.018688533597127945
3 0.5160494422633259 0.5485408649267207 0.08767460206060065 0.019380701508132887
3 0.5308156910314272 0.5018195309339006 0.09321194534863857 0.01591986195310902
3 0.5294313552094176 0.4537138611190711 0.08490593041658165 0.019380701508132744
1 0.5881688493527056 0.5917447106421498 0.04121813489686033 0.035227126917665504
1 0.5809796397776719 0.5504067555857054 0.04025957362018914 0.03307036404515536
1 0.5977544621194173 0.4997228280817174 0.0393010123435181 0.036664968832672215
1 0.5929616557360615 0.4526335053652461 0.04121813489686033 0.037383889790175574
4 0.6235441104745967 0.39396868471185115 0.050803747663572166 0.10064893405047293
4 0.6379225296246641 0.4180525367882144 0.056555115323599095 0.17325995075831407
4 0.6479874230297115 0.43135257450202685 0.055596554046927836 0.21855197108102709
4 0.6508631068597249 0.4525607427483765 0.0709335344736666 0.2882873039588546
0 0.5340501792114698 0.5170250896057348 0.3799283154121868 0.8405017921146954
