4 0.2835550986064219 0.4263034117583097 0.08430322385491916 0.019221135038921488
4 0.2882760791422974 0.4685393269096241 0.08834977859995526 0.019726954382051007
4 0.27786342582581336 0.22635415605045772 0.07958224331904358 0.026808425185864272
4 0.2893286642700823 0.1909468020313917 0.0580006180121843 0.03591317336219554
4 0.4953657433715046 0.3621666496807323 0.0209071995160199 0.06474487592057791
4 0.5284126071226328 0.3879634361803377 0.055977340639666195 0.14567597082130024
1 0.48187722755471746 0.45675486684595157 0.051930785894630134 0.03237243796028892
1 0.4842377178226552 0.41148403563586 0.040465547450361114 0.03692481204845457
3 0.4151090742616216 0.42792316428756927 0.09914059125338483 0.015174580293885355
3 0.4137602226799429 0.46636543436541233 0.10048944283506352 0.015174580293885426
2 0.3855094867604357 0.2522974757531482 0.1415295102079408 0.24001926264742196
0 0.41669101640240486 0.4897264198267812 0.39013268788444955 0.8530718280853603
