4 0.572391576637945 0.4459514196034544 0.05838140249522283 0.01618180177856722
4 0.5711224157141359 0.4797428291998741 0.05965056341903199 0.011422448314282718
4 0.5714397059450882 0.5204353013195063 0.06282346572855495 0.015705866432138792
4 0.5692186743284221 0.5575582583409251 0.06472720711426881 0.018561478510709436
3 0.4784736682760649 0.5147240771623649 0.07488049450474214 0.008090900889283645
3 0.4895788263593954 0.47879095850701714 0.0704384312714101 0.014278060392853363
3 0.492434438437966 0.4404781631195273 0.07361133358093298 0.014753995739281862
3 0.47910824873796953 0.5535128078962833 0.06853468988569639 0.012374319007139718
1 0.42929368247845884 0.5516090665105696 0.034901925404752704 0.028556120785706653
1 0.4277072313236973 0.5142481418159365 0.032998184019038916 0.02712831474642144
1 0.4375432284832186 0.4809326675659453 0.028556120785706726 0.027128314746421366
1 0.4356394870975048 0.44785516098916817 0.0310944426333252 0.027604250092849936
2 0.4933863091308228 0.6782078686605364 0.09201416697616623 0.17895169025709584
4 0.5666803524808036 0.7046222803873151 0.06345804619045943 0.022368961282136866
4 0.40454504446417955 0.5937293446694871 0.03870940817618027 0.08519242701069189
4 0.3931225961498969 0.581830961008776 0.037440247252371106 0.12421912541782461
4 0.3902669840713262 0.5687427389819937 0.0418823104857033 0.17038485402138379
4 0.3881783834451013 0.5522483513375073 0.05138875858010016 0.21608272415129412
0 0.4925789154770541 0.5031595852523901 0.28904655301138454 0.6334006737107962
