3 0.5411893019591537 0.44966464059841443 0.07935597607585201 0.012111013790646013
3 0.5421120458670124 0.4939563481756341 0.0812014638915695 0.012111013790646013
3 0.5278095152952019 0.5380750412701304 0.08212420779942825 0.013149100686987082
3 0.5298856890878839 0.5828857922955207 0.08350832366121644 0.015571303445116414
4 0.43392032267057457 0.5811556474682855 0.06874442113547637 0.014187187583328225
4 0.43392032267057457 0.5389401136837481 0.06689893331975902 0.012803071721540035
4 0.4329975787627158 0.49136113093478145 0.07243539676691142 0.01799350620324553
4 0.43253620680878646 0.4456853074957736 0.07428088458262891 0.01937762206503365
4 0.43299757876271583 0.2773422158057939 0.07520362849048766 0.0252601144776332
2 0.5175205326345307 0.2989242285328178 0.11627160268317177 0.21381676935727498
1 0.5940513208183189 0.5746942268486093 0.03340047586930318 0.03285826035194425
1 0.5912318001280531 0.5359800389091898 0.04164215173315711 0.03155694311028313
1 0.6053294035793823 0.49498854579686336 0.03600311035262536 0.03611155345609724
1 0.59903970357802 0.45090642423559146 0.040774606905382954 0.03773820000817366
4 0.6264607271442706 0.4045658610506176 0.050198953664406215 0.0974450277014946
4 0.6387643922580957 0.4182229293269634 0.04724607403708845 0.14542932164541242
4 0.6436858583036258 0.43261821751013874 0.051183246873512334 0.19341361558933015
4 0.6490994709537088 0.45107371518087647 0.06397905859189067 0.25099476832203166
0 0.5412186379928314 0.5035842293906808 0.3369175627240143 0.7347670250896055
