4 0.6279134447157875 0.5396204547333133 0.07796083158026974 0.022542891059355127
4 0.6269741575883144 0.4955913706330104 0.08547512860005498 0.016202702948911494
4 0.624156296205895 0.44381316773105395 0.07796083158026988 0.021133960368145494
4 0.6265045140245777 0.39555729155712194 0.0770215444527966 0.017611633640121197
3 0.5255311478212163 0.395557291557122 0.08923227710994745 0.014793772257701789
3 0.5236525735662702 0.4420520043670419 0.08735370285500103 0.011975910875282452
3 0.5100329102179096 0.49206904390498607 0.08641441572752796 0.013384841566492157
3 0.5123811280365925 0.5420860834429303 0.0892322771099473 0.013384841566492086
4 0.6344884546080994 0.7266560039914003 0.08171798009016229 0.02888307916979869
2 0.5400900982970501 0.6991818555128113 0.11271445529677532 0.22049765317431727
1 0.44944889049589276 0.5396204547333133 0.0385107722263983 0.03240540589782306
1 0.44287388060358085 0.4885467171769618 0.03287504946155956 0.03592773262584728
1 0.4583721182068875 0.44803995980468314 0.03381433658903262 0.0366321979714521
1 0.45226675187831217 0.4082376677780092 0.04602506924618332 0.037336663317056915
4 0.42220956379917196 0.5913986576352696 0.05353936626596841 0.106374267186332
4 0.40858990045081156 0.5808316774511968 0.05260007913849527 0.15427791068746152
4 0.4024845341222363 0.5625155784654708 0.055417940520914685 0.20922620764463956
4 0.3968488113573974 0.5417338507701278 0.06856796030553859 0.2705146927122615
0 0.5029868578255668 0.47849462365591416 0.3847072879330941 0.792114695340502
