3 0.5442259508840762 0.5577158283199745 0.012080487256028291 0.08134194752392396
3 0.5786300422659754 0.557043307568433 0.01112445434394779 0.08986814097463786
1 0.5491566125936229 0.6218470749570365 0.02942167024006885 0.04615163959226479
1 0.5922074389007824 0.625596895673908 0.03591174455773107 0.04442095310755476
4 0.6130956872084922 0.6539110434729014 0.1272054566261797 0.03865199815852179
4 0.6364599547520762 0.6279507462022526 0.06490074317662227 0.021345133311422515
4 0.543769922490623 0.4531416020755191 0.013883487382739403 0.08715744856941895
4 0.5787678802679449 0.44928507780253596 0.015618923305581732 0.08407222915103248
4 0.7543361477955025 0.44504290110225453 0.023139145637898793 0.07096004662288984
4 0.7881771482909294 0.4458142059568512 0.03528719709779565 0.06016177865853706
2 0.7314862414780774 0.5395277457903416 0.21808644763719656 0.11646703304409087
0 0.5261682242990691 0.5632398753893944 0.764485981308411 0.33395638629283475
