3 0.4687421744769695 0.5723881504717535 0.0884511033508688 0.015507660977100386
3 0.4678806377560194 0.5239267099183149 0.08672802990896869 0.015938429337575288
3 0.48080368857026967 0.47568065354511385 0.08845110335086864 0.014215355895675259
3 0.47787163735328975 0.42786022850975813 0.08206795622046342 0.019203901755588434
4 0.36346190767230424 0.5745577512322605 0.07557875737428922 0.019373035909232356
4 0.3663319870662646 0.5261251614591795 0.06792521232372828 0.02152559545470254
4 0.36346190767230424 0.4744637323678932 0.07940552989956977 0.0186555160607422
4 0.361548521409664 0.42567238267056723 0.07749214363692943 0.02870079393960353
4 0.3528887382267545 0.23830130311289452 0.07841971960594549 0.03650573154069875
2 0.44820925947191226 0.2661876258175949 0.12574196419574002 0.22816082212936714
1 0.5401496203892276 0.42944936965238656 0.04191398806524674 0.033463587245640414
1 0.5469099410449126 0.4725464138323781 0.033801603278424894 0.026365250557171222
1 0.5320372356024057 0.5176715542090752 0.0419139880652466 0.021295010065407568
1 0.5387975562580906 0.5633037186349487 0.039209859802972744 0.027379298655524024
4 0.5698950312742412 0.37418374829216206 0.05273050111434266 0.09532052124515786
4 0.5827396405200428 0.3939576862100405 0.05949082177002758 0.17137412862161353
4 0.5861198008478853 0.4056192393410971 0.055434629376616584 0.20889390826066495
4 0.5922040894380017 0.4279282975048574 0.07301146308139764 0.27784917894865147
0 0.4778972520908005 0.48118279569892475 0.3775388291517322 0.8082437275985663
