4 0.5676803114102097 0.42088511637951614 0.06809687486927274 0.016250390593803773
4 0.5695374989066444 0.461975389738134 0.06809687486927274 0.012071718726825508
4 0.5720137489018906 0.5114230068307082 0.0742874998573884 0.015321796845586419
4 0.5692279676572385 0.5548347645598695 0.07366843735857685 0.023214843705433807
4 0.5754185926453542 0.7238388267354281 0.06995406236570745 0.026000624950086006
2 0.4887344861715564 0.6980940624107765 0.10825900335742347 0.20298563129516892
3 0.4628464636295638 0.5515913893890458 0.07687958209440218 0.017062560311767783
3 0.46323870639535164 0.507758260312263 0.07923303868912882 0.016474196163086034
3 0.4777516887294989 0.4633367670867986 0.08472443741015745 0.017062560311767852
3 0.47579047490056015 0.41979782008435657 0.07923303868912868 0.014709103717041216
1 0.4095014474824277 0.43215346720667114 0.04079324764192762 0.035890213069580526
1 0.410678175779791 0.47098550101966 0.04157773317350319 0.03000657158276411
1 0.3996953783377335 0.5086408065352857 0.038439791047201056 0.028829843285400825
1 0.40322556322982345 0.5501204790173417 0.03765530551562549 0.032948392326172284
4 0.3800832400483452 0.6001314316552819 0.04628464636295639 0.09178480719433729
4 0.36792371430892445 0.5830688713435142 0.051776045083985166 0.15415140695459223
4 0.36282455835368355 0.5651237648087237 0.04942258848925853 0.20298563129516878
4 0.35733315963265483 0.5551215742811358 0.06981921231022234 0.25005476318970077
0 0.4391483324786209 0.5004388648686493 0.35364396654719177 0.729395159148438
