4 0.38915474215719004 0.5171078361765951 0.04400568392326022 0.011576122076827886
4 0.3903924969940709 0.4887229469358904 0.047156296590245506 0.008468208190501869
4 0.3907245835897769 0.45696716622150857 0.044499603824597785 0.010709792711516997
4 0.3927171031640127 0.4267057751878035 0.04516377701600966 0.01544202670032682
4 0.3902352810305487 0.31149465453928277 0.046917989878215494 0.01774723964958582
2 0.4501604300362395 0.32882613519068454 0.07545157830731988 0.13994228544161696
3 0.4529643738246872 0.5190482308387842 0.05454945188434621 0.01338245899031854
3 0.4532192778054551 0.48884210911777937 0.05403964392281026 0.011088323163406813
3 0.4651997649015499 0.46016541128138244 0.05454945188434621 0.010323611221102879
3 0.4623958211131021 0.4290033996324978 0.053020027999738276 0.006882407480735324
1 0.4973176664783143 0.5125481793292008 0.023960974192189396 0.021794290355661588
1 0.4940039147283308 0.48654797329086763 0.025490398076797264 0.01950015452874986
1 0.5036902659975138 0.4599742332958064 0.023451166230653513 0.023706070211421418
1 0.501396130170602 0.4309151794882576 0.022941358269117487 0.02370607021142135
4 0.5192394088243601 0.3966943200701573 0.03007866973062072 0.06461815912468104
4 0.5248472964012555 0.40644439733453225 0.041294444884411516 0.1040008241533328
4 0.5317297038819908 0.4167680085556351 0.027529629922941085 0.13229516601857783
4 0.5347885516512063 0.4307240015026816 0.04078463692287557 0.17397196687414124
0 0.4699442034050677 0.46464238529615004 0.2333438340453978 0.5021604718884317
