4 0.3982609926749878 0.5142942234804011 0.05088106969238353 0.009401936790983924
4 0.3993671028856919 0.4860884131074494 0.04424440842815962 0.010508047001687828
4 0.3982609926749879 0.4540112169970335 0.04645662884956756 0.012720267423095849
4 0.4019480267106678 0.4233166586499979 0.04940625607811157 0.015485542949855926
4 0.39910232415326474 0.30918367217083564 0.04673888914275224 0.023189679613134756
2 0.4587842902893945 0.3272500504740918 0.07406316279543823 0.14237384692715305
3 0.46091735293083375 0.516914137423016 0.05321042763944099 0.01240378211865341
3 0.4612768828473165 0.48698327187583024 0.05824384647019897 0.00862871799558505
3 0.4738604299242113 0.4570524063286447 0.05464854730537184 0.009168012870309212
3 0.4709841905923497 0.4273911882188211 0.05321042763944099 0.008089423120861028
1 0.5098134215724823 0.4279304830935452 0.030200512984547602 0.02318967961313483
1 0.512689660904344 0.45570416914183454 0.025886153986755006 0.019414615490066397
1 0.5037014129922762 0.48590468212638216 0.020852735155997094 0.016178846241721914
1 0.5062181224076552 0.510442598926327 0.03163863265047844 0.01779673086589419
4 0.5303066268119967 0.3944942008606532 0.029481453151582074 0.058783141344923
4 0.5389353448075818 0.4039318611683243 0.03091957281751313 0.0949158979514354
4 0.5428901738888916 0.4182231753485121 0.03020051298454753 0.13859878280408458
4 0.5493617123855803 0.4284697779682693 0.04745794897571777 0.17742801378421716
0 0.4768765807700308 0.46459106543974005 0.2317726733580904 0.5112117101155779
