4 0.6108896598270284 0.4073699513017 0.07271392602500015 0.02088591492207449
4 0.6074086740066826 0.44769137038737156 0.06884616400239374 0.01566443619155592
4 0.6093425550179857 0.49526484326543013 0.07271392602500008 0.01566443619155585
4 0.6083989661559843 0.5418734593671545 0.07194037362047859 0.019725586315292674
4 0.61187995197633 0.7078004501369684 0.06961971640691494 0.026687557955984004
2 0.5229214254563831 0.6819831386360707 0.11448575586914905 0.20943931352413572
3 0.5020355105343087 0.5357817341815494 0.0789023452611702 0.013343778977992002
3 0.49932807711848426 0.49284957573061855 0.0843172120928191 0.014504107584774033
3 0.517893334826995 0.4487570886729057 0.08277010728377661 0.01682476479833774
3 0.516733006220213 0.4058249302219749 0.08509076449734046 0.0179850934051197
1 0.4540752614539895 0.4142373126211437 0.03558341060797872 0.0313288723831117
1 0.4571694710720746 0.451947992341556 0.03558341060797879 0.026687557955984004
1 0.44208519918390976 0.49342974003400947 0.033262753394414944 0.029588379472938867
1 0.44440585639747354 0.534911487726463 0.03790406782154257 0.030168543776329743
4 0.4200389556550534 0.583355207059608 0.04331893465319141 0.09572711005950808
4 0.40766211718271295 0.5694312637782251 0.044866039462234115 0.14678156875791232
4 0.40070014554202144 0.5526064989798872 0.041771829844148914 0.19667569884953465
0 0.3914175166877662 0.5366519806366358 0.06497840197978712 0.24947065045811162
0 0.5044353220068675 0.47654586910744917 0.3298230951583364 0.7319162508734257
