4 0.29152676737301253 0.22762769301184096 0.08220455998753487 0.02408974688376439
4 0.299692783265814 0.1929221254674347 0.06478372608289171 0.03715537231224666
4 0.29370437161109286 0.43014488715331745 0.08547096634465533 0.02000673893736362
4 0.2977873795574936 0.4734247713851653 0.08819297164225592 0.022456543705204054
3 0.42653823013399683 0.47056666582268475 0.0974477896540975 0.01674033258024302
3 0.42517722748519654 0.43443204549703823 0.09908099283265784 0.01878183655344344
4 0.5060207848239311 0.36726656477874614 0.02340924555936425 0.06736963111561217
4 0.5354184420380165 0.3933978156357108 0.04627409005920832 0.14494678209722608
1 0.4983991699906497 0.4636255523138035 0.04409648582112787 0.031439161187285694
1 0.4921385578061686 0.4146294569569946 0.0468184911187285 0.033888965955126124
2 0.39849088367534563 0.25663241970209 0.12764580123113362 0.24617404523147188
0 0.4229390681003584 0.4973118279569892 0.39187574671445646 0.8620071684587813
