4 0.5795254278335868 0.685930018056342 0.05093303483152006 0.016977678277173426
4 0.5829002875162843 0.5670544544575893 0.05131031657101261 0.014713987840216802
4 0.5838434918650162 0.5355042689925087 0.04791478091557806 0.012733258707879926
4 0.5844094144742553 0.5025392770043305 0.04904662613405634 0.008488839138586642
4 0.5861071823019725 0.4741016658900652 0.0501784713525344 0.013299181317118993
3 0.5221579274579531 0.4711305721915599 0.0573468244028966 0.009620684357064846
3 0.5200828778907429 0.5018318737427816 0.05847866962137473 0.010469568270923517
3 0.5095189891849462 0.5314013300755251 0.061496923537316735 0.01131845218478219
3 0.5102735526639317 0.5619611509744371 0.0584786696213748 0.009054761747825778
2 0.5182474874075299 0.6665596672870404 0.0751630162004529 0.14876013623006273
4 0.4485274089154983 0.5973212633185528 0.029220026639446176 0.06492324668951945
1 0.46916405272960715 0.5610245114773659 0.025932773642508452 0.023010770978563713
1 0.4649636739001868 0.5303434835059474 0.029220026639446176 0.01862776698264696
1 0.4757385587234825 0.502401833031977 0.0310462783044116 0.019175642482136438
1 0.4739123070585171 0.47719956005545483 0.02885477630645312 0.020819268980605373
4 0.4377525240922025 0.5849940645800366 0.026663274308494637 0.10546603365175101
4 0.43501314659475443 0.5726668658415202 0.03214202930339077 0.14272156761704466
4 0.43734508757132545 0.5602167882256606 0.04160868363506502 0.18171720590969154
0 0.516691215628696 0.5240046615957402 0.24133811230585372 0.5211584407163842
