4 0.4093755151019046 0.4247093183308175 0.06312666438661296 0.011690123034558013
4 0.41249288124445344 0.4647479897241784 0.0787134950993569 0.01519715994492536
4 0.3956892605009348 0.23473420802042702 0.07843889167928246 0.020968812627134917
4 0.40267886470997977 0.2012423545187532 0.06601292864098035 0.03669542209748613
2 0.4939320307725115 0.26181892433047627 0.12115313962344615 0.2277446038113821
3 0.5187839568491158 0.4243272221907719 0.088534986647903 0.016891543505191963
3 0.5168424001243811 0.46131387779696825 0.09241810009737243 0.016309076487771534
1 0.5855735081799901 0.41966748605140863 0.0450441160138454 0.03087075192328193
1 0.586350130869884 0.45490674060534375 0.04659736139363311 0.030288284905861572
4 0.5929514237339819 0.36928408904454274 0.01941556724734717 0.07222591016013133
4 0.6185799725004802 0.3858843990410245 0.03494802104522485 0.13454988102411572
0 0.5244922341696535 0.48924731182795694 0.3608124253285542 0.8028673835125448
